0.0000 0.0000 0.0000 0.0000 0.0000 0.0000
2664.0720 4.8656 1.4266 -0.7333 0.0001 0.0005
2664.0740 4.8656 1.4266 -0.7333 0.0001 0.0005
2664.1740 4.8656 1.4266 -0.7332 0.0001 0.0005
2664.2730 4.8656 1.4266 -0.7332 0.0001 0.0005
2664.3730 4.8656 1.4265 -0.7332 0.0001 0.0005
2664.4730 4.8656 1.4265 -0.7331 0.0001 0.0005
2664.5740 4.8656 1.4265 -0.7331 0.0001 0.0005
2664.6740 4.8656 1.4265 -0.7330 0.0001 0.0005
2664.7730 4.8656 1.4265 -0.7330 0.0001 0.0005
2664.8740 4.8656 1.4265 -0.7329 0.0001 0.0005
2664.9730 4.8656 1.4265 -0.7329 0.0001 0.0005
2665.0740 4.8656 1.4265 -0.7329 0.0001 0.0005
2665.1730 4.8656 1.4265 -0.7328 0.0001 0.0005
2665.2730 4.8658 1.4264 -0.7319 0.0029 0.0148
2665.3740 4.8661 1.4261 -0.7295 0.0058 0.0293
2665.4730 4.8665 1.4257 -0.7266 0.0058 0.0294
2665.5740 4.8670 1.4253 -0.7237 0.0058 0.0293
2665.6740 4.8674 1.4249 -0.7211 0.0070 0.0211
2665.7730 4.8681 1.4244 -0.7197 0.0093 0.0051
2665.8730 4.8688 1.4237 -0.7203 0.0089 -0.0359
2665.9730 4.8695 1.4231 -0.7257 0.0105 -0.0863
2666.0730 4.8703 1.4224 -0.7353 0.0105 -0.0967
2666.1740 4.8711 1.4216 -0.7449 0.0105 -0.0963
2666.2730 4.8719 1.4209 -0.7547 0.0108 -0.0981
2666.3740 4.8727 1.4202 -0.7645 0.0108 -0.0980
2666.4760 4.8736 1.4192 -0.7822 0.0133 -0.2385
2666.5730 4.8745 1.4183 -0.8103 0.0057 -0.1324
2666.6740 4.8754 1.4173 -0.8460 0.0159 -0.5398
2666.7740 4.8765 1.4161 -0.9101 0.0164 -0.6964
2666.8740 4.8775 1.4147 -0.9849 0.0182 -0.8964
2666.9740 4.8785 1.4131 -1.0810 0.0191 -0.9969
2667.0740 4.8793 1.4114 -1.1831 0.0183 -1.1340
2667.1740 4.8799 1.4095 -1.3022 0.0197 -1.1905
2667.2740 4.8803 1.4077 -1.4253 0.0209 -1.2454
2667.3740 4.8805 1.4055 -1.5544 0.0215 -1.2956
2667.4740 4.8804 1.4033 -1.6887 0.0222 -1.3446
2667.5730 4.8800 1.4011 -1.8280 0.0227 -1.3956
2667.6730 4.8793 1.3989 -1.9724 0.0224 -1.4423
2667.7740 4.8783 1.3971 -2.1204 0.0231 -1.4949
2667.8740 4.8769 1.3951 -2.2746 0.0248 -1.5368
2667.9730 4.8767 1.3947 -2.3909 -0.0126 -0.7729
2668.0730 4.8784 1.3963 -2.4305 -0.0218 -0.1613
2668.1740 4.8791 1.3968 -2.4365 0.0001 0.0005
2668.2730 4.8789 1.3967 -2.4365 0.0051 0.0004
2668.3740 4.8784 1.3963 -2.4366 0.0101 0.0002
2668.4730 4.8777 1.3957 -2.4365 0.0101 0.0003
2668.5740 4.8769 1.3950 -2.4365 0.0101 0.0003
2668.6750 4.8761 1.3943 -2.4365 0.0101 0.0002
2668.7740 4.8753 1.3937 -2.4365 0.0101 0.0001
2668.8740 4.8740 1.3925 -2.4368 0.0202 0.0006
2668.9730 4.8718 1.3907 -2.4378 0.0340 -0.0082
2669.0740 4.8689 1.3882 -2.4412 0.0413 -0.0660
2669.1740 4.8653 1.3852 -2.4518 0.0532 -0.1260
2669.2740 4.8604 1.3812 -2.4632 0.0720 -0.0609
2669.3740 4.8537 1.3758 -2.4654 0.0949 -0.0011
2669.4740 4.8456 1.3694 -2.4636 0.1053 0.0298
2669.5740 4.8388 1.3639 -2.4759 0.0848 -0.0504
2669.6750 4.8305 1.3573 -2.4651 0.1234 0.1406
2669.7740 4.8194 1.3483 -2.4576 0.1600 0.0011
2669.8750 4.8066 1.3379 -2.4575 0.1701 0.0007
2669.9750 4.7929 1.3267 -2.4584 0.1817 -0.0258
2670.0740 4.7782 1.3149 -2.4632 0.1981 -0.0154
2670.1740 4.7621 1.3019 -2.4620 0.2100 0.0316
2670.2750 4.7450 1.2879 -2.4596 0.2299 0.0011
2670.3730 4.7264 1.2728 -2.4595 0.2451 0.0007
2670.4730 4.7067 1.2568 -2.4604 0.2580 -0.0164
2670.5740 4.6865 1.2405 -2.4606 0.2595 0.0022
2670.6730 4.6663 1.2241 -2.4604 0.2599 0.0011
2670.7750 4.6461 1.2078 -2.4603 0.2601 0.0008
2670.8730 4.6259 1.1914 -2.4604 0.2601 -0.0012
2670.9740 4.6057 1.1750 -2.4605 0.2595 0.0025
2671.0750 4.5856 1.1587 -2.4603 0.2599 0.0011
2671.1750 4.5654 1.1423 -2.4602 0.2601 0.0007
2671.2730 4.5452 1.1259 -2.4603 0.2602 -0.0006
2671.3730 4.5250 1.1095 -2.4604 0.2594 0.0029
2671.4740 4.5048 1.0932 -2.4602 0.2599 0.0011
2671.5740 4.4846 1.0768 -2.4601 0.2601 0.0007
2671.6730 4.4644 1.0604 -2.4602 0.2603 -0.0001
2671.7740 4.4442 1.0441 -2.4603 0.2593 0.0034
2671.8740 4.4241 1.0277 -2.4600 0.2599 0.0011
2671.9740 4.4039 1.0113 -2.4600 0.2601 0.0007
2672.0730 4.3837 0.9949 -2.4601 0.2603 0.0004
2672.1740 4.3635 0.9786 -2.4601 0.2593 0.0039
2672.2740 4.3433 0.9622 -2.4599 0.2599 0.0011
2672.3740 4.3231 0.9458 -2.4598 0.2601 0.0007
2672.4740 4.3030 0.9294 -2.4599 0.2603 0.0007
2672.5730 4.2828 0.9131 -2.4600 0.2592 0.0044
2672.6740 4.2626 0.8967 -2.4598 0.2599 0.0011
2672.7740 4.2424 0.8803 -2.4597 0.2601 0.0007
2672.8730 4.2222 0.8639 -2.4598 0.2604 0.0008
2672.9740 4.2021 0.8476 -2.4599 0.2591 0.0049
2673.0730 4.1819 0.8312 -2.4597 0.2599 0.0011
2673.1740 4.1617 0.8148 -2.4596 0.2601 0.0007
2673.2730 4.1415 0.7984 -2.4597 0.2604 0.0007
2673.3740 4.1213 0.7820 -2.4598 0.2590 0.0054
2673.4730 4.1012 0.7657 -2.4596 0.2599 0.0011
2673.5740 4.0810 0.7493 -2.4595 0.2601 0.0007
2673.6730 4.0608 0.7329 -2.4596 0.2604 0.0005
2673.7740 4.0406 0.7165 -2.4596 0.2590 0.0058
2673.8740 4.0205 0.7001 -2.4594 0.2599 0.0011
2673.9730 4.0003 0.6837 -2.4594 0.2601 0.0007
2674.0740 3.9801 0.6673 -2.4595 0.2603 0.0002
2674.1740 3.9599 0.6510 -2.4595 0.2589 0.0063
2674.2730 3.9398 0.6346 -2.4593 0.2599 0.0011
2674.3740 3.9196 0.6182 -2.4592 0.2601 0.0006
2674.4730 3.8994 0.6018 -2.4593 0.2603 -0.0003
2674.5740 3.8793 0.5854 -2.4594 0.2588 0.0066
2674.6730 3.8591 0.5690 -2.4592 0.2599 0.0011
2674.7740 3.8389 0.5527 -2.4640 0.2606 -0.0492
2674.8730 3.8185 0.5364 -2.4740 0.2609 -0.1018
2674.9740 3.7979 0.5204 -2.4838 0.2599 -0.0947
2675.0740 3.7772 0.5045 -2.4937 0.2608 -0.0989
2675.1730 3.7563 0.4889 -2.5085 0.2615 -0.1490
2675.2740 3.7350 0.4736 -2.5283 0.2617 -0.2013
2675.3730 3.7134 0.4588 -2.5525 0.2620 -0.2490
2675.4740 3.6914 0.4445 -2.5838 0.2631 -0.3488
2675.5730 3.6688 0.4310 -2.6203 0.2638 -0.3990
2675.6740 3.6457 0.4184 -2.6609 0.2611 -0.4283
2675.7730 3.6220 0.4067 -2.7067 0.2654 -0.4906
2675.8730 3.5978 0.3961 -2.7580 0.2649 -0.5495
2675.9740 3.5730 0.3869 -2.8139 0.2623 -0.5787
2676.0740 3.5477 0.3791 -2.8733 0.2653 -0.5974
2676.1740 3.5219 0.3729 -2.9331 0.2656 -0.5980
2676.2730 3.4958 0.3682 -2.9976 0.2648 -0.6399
2676.3740 3.4694 0.3653 -3.0666 0.2662 -0.6973
2676.4730 3.4428 0.3642 -3.1349 0.2658 -0.6491
2676.5740 3.4162 0.3649 3.0848 0.2647 -0.5945
2676.6740 3.3898 0.3671 3.0299 0.2649 -0.5477
2676.7740 3.3637 0.3707 2.9832 0.2643 -0.4485
2676.8730 3.3385 0.3752 2.9399 0.2436 -0.3637
2676.9740 3.3145 0.3805 2.9103 0.2519 -0.3264
2677.0730 3.2894 0.3868 2.8844 0.2616 -0.1997
2677.1740 3.2642 0.3937 2.8660 0.2615 -0.1502
2677.2730 3.2391 0.4009 2.8559 0.2609 -0.0978
2677.3750 3.2141 0.4083 2.8506 0.2599 -0.0510
2677.4730 3.1893 0.4158 2.8497 0.2599 -0.0007
2677.5750 3.1644 0.4232 2.8512 0.2598 0.0485
2677.6740 3.1395 0.4306 2.8575 0.2592 0.1007
2677.7740 3.1145 0.4377 2.8719 0.2576 0.1441
2677.8740 3.0897 0.4443 2.8912 0.2581 0.1989
2677.9730 3.0646 0.4505 2.9111 0.2584 0.1989
2678.0740 3.0394 0.4561 2.9310 0.2584 0.1993
2678.1730 3.0141 0.4612 2.9556 0.2575 0.2496
2678.2740 2.9888 0.4656 2.9852 0.2572 0.2994
2678.3730 2.9633 0.4692 3.0152 0.2575 0.2996
2678.4740 2.9377 0.4721 3.0450 0.2566 0.2910
2678.5740 2.9121 0.4742 3.0715 0.2578 0.2480
2678.6740 2.8864 0.4757 3.0935 0.2581 0.2006
2678.7740 2.8605 0.4768 3.1087 0.2587 0.1504
2678.8730 2.8347 0.4775 3.1186 0.2590 0.0979
2678.9740 2.8087 0.4780 3.1236 0.2598 0.0478
2679.0730 2.7827 0.4785 3.1237 0.2600 0.0011
2679.1740 2.7567 0.4790 3.1239 0.2600 0.0008
2679.2740 2.7308 0.4794 3.1236 0.2599 -0.0014
2679.3730 2.7048 0.4799 3.1235 0.2601 -0.0011
2679.4730 2.6788 0.4804 3.1235 0.2599 0.0012
2679.5730 2.6528 0.4808 3.1236 0.2600 0.0008
2679.6740 2.6268 0.4813 3.1234 0.2600 -0.0013
2679.7730 2.6008 0.4818 3.1232 0.2601 -0.0010
2679.8740 2.5748 0.4823 3.1233 0.2599 0.0013
2679.9740 2.5488 0.4827 3.1234 0.2600 0.0007
2680.0740 2.5229 0.4832 3.1231 0.2600 -0.0013
2680.1730 2.4969 0.4837 3.1230 0.2601 -0.0010
2680.2740 2.4709 0.4842 3.1231 0.2599 0.0013
2680.3730 2.4449 0.4847 3.1232 0.2600 0.0007
2680.4740 2.4189 0.4851 3.1229 0.2600 -0.0013
2680.5730 2.3929 0.4856 3.1228 0.2601 -0.0010
2680.6740 2.3669 0.4861 3.1228 0.2599 0.0014
2680.7730 2.3409 0.4866 3.1229 0.2600 0.0007
2680.8740 2.3150 0.4871 3.1227 0.2600 -0.0012
2680.9730 2.2890 0.4876 3.1226 0.2601 -0.0010
2681.0730 2.2630 0.4881 3.1226 0.2599 0.0014
2681.1730 2.2370 0.4886 3.1227 0.2600 0.0006
2681.2740 2.2110 0.4891 3.1225 0.2600 -0.0012
2681.3730 2.1850 0.4896 3.1223 0.2601 -0.0009
2681.4740 2.1590 0.4901 3.1224 0.2599 0.0014
2681.5740 2.1330 0.4906 3.1225 0.2600 0.0006
2681.6740 2.1071 0.4910 3.1222 0.2600 -0.0013
2681.7730 2.0811 0.4916 3.1221 0.2601 -0.0009
2681.8740 2.0551 0.4921 3.1221 0.2599 0.0014
2681.9730 2.0291 0.4926 3.1223 0.2600 0.0005
2682.0730 2.0031 0.4931 3.1220 0.2600 -0.0013
2682.1740 1.9771 0.4936 3.1219 0.2601 -0.0009
2682.2730 1.9511 0.4941 3.1219 0.2599 0.0015
2682.3740 1.9251 0.4946 3.1220 0.2600 0.0005
2682.4730 1.8992 0.4951 3.1218 0.2600 -0.0014
2682.5750 1.8732 0.4956 3.1216 0.2601 -0.0009
2682.6730 1.8472 0.4961 3.1217 0.2599 0.0015
2682.7740 1.8212 0.4967 3.1218 0.2600 0.0005
2682.8730 1.7952 0.4972 3.1215 0.2600 -0.0014
2682.9740 1.7692 0.4977 3.1214 0.2601 -0.0008
2683.0730 1.7432 0.4982 3.1215 0.2599 0.0015
2683.1740 1.7172 0.4987 3.1216 0.2600 0.0004
2683.2730 1.6913 0.4993 3.1213 0.2600 -0.0015
2683.3740 1.6653 0.4998 3.1212 0.2601 -0.0008
2683.4730 1.6393 0.5003 3.1212 0.2599 0.0015
2683.5730 1.6133 0.5009 3.1214 0.2600 0.0004
2683.6730 1.5873 0.5014 3.1211 0.2600 -0.0015
2683.7740 1.5613 0.5019 3.1210 0.2601 -0.0008
2683.8740 1.5354 0.5025 3.1210 0.2599 0.0015
2683.9730 1.5094 0.5030 3.1211 0.2600 0.0003
2684.0740 1.4834 0.5035 3.1209 0.2600 -0.0015
2684.1730 1.4574 0.5041 3.1207 0.2601 -0.0007
2684.2740 1.4314 0.5046 3.1208 0.2599 0.0015
2684.3730 1.4054 0.5051 3.1209 0.2600 0.0002
2684.4750 1.3795 0.5057 3.1206 0.2600 -0.0015
2684.5740 1.3535 0.5062 3.1205 0.2601 -0.0007
2684.6750 1.3275 0.5068 3.1206 0.2599 0.0015
2684.7740 1.3015 0.5073 3.1207 0.2600 0.0002
2684.8730 1.2755 0.5079 3.1204 0.2600 -0.0015
2684.9740 1.2495 0.5084 3.1203 0.2601 -0.0007
2685.0730 1.2235 0.5090 3.1203 0.2599 0.0015
2685.1740 1.1975 0.5095 3.1205 0.2600 0.0001
2685.2740 1.1716 0.5101 3.1202 0.2600 -0.0015
2685.3730 1.1456 0.5106 3.1201 0.2600 -0.0007
2685.4740 1.1196 0.5112 3.1201 0.2599 0.0016
2685.5730 1.0936 0.5118 3.1202 0.2600 0.0000
2685.6740 1.0676 0.5123 3.1200 0.2600 -0.0015
2685.7730 1.0416 0.5129 3.1198 0.2600 -0.0006
2685.8740 1.0156 0.5134 3.1199 0.2599 0.0016
2685.9730 0.9896 0.5140 3.1200 0.2600 -0.0000
2686.0740 0.9637 0.5146 3.1197 0.2600 -0.0016
2686.1740 0.9377 0.5151 3.1196 0.2600 -0.0006
2686.2740 0.9117 0.5157 3.1197 0.2599 0.0016
2686.3730 0.8857 0.5163 3.1198 0.2600 -0.0001
2686.4740 0.8597 0.5168 3.1195 0.2600 -0.0016
2686.5730 0.8337 0.5174 3.1194 0.2600 -0.0006
2686.6740 0.8077 0.5180 3.1195 0.2599 0.0016
2686.7740 0.7818 0.5186 3.1196 0.2599 -0.0002
2686.8730 0.7558 0.5192 3.1193 0.2600 -0.0016
2686.9740 0.7298 0.5197 3.1191 0.2600 -0.0005
2687.0730 0.7038 0.5203 3.1192 0.2599 0.0016
2687.1740 0.6778 0.5209 3.1193 0.2599 -0.0003
2687.2730 0.6519 0.5215 3.1190 0.2600 -0.0016
2687.3740 0.6259 0.5221 3.1189 0.2600 -0.0005
2687.4730 0.5999 0.5227 3.1190 0.2599 0.0016
2687.5750 0.5739 0.5232 3.1191 0.2599 -0.0004
2687.6730 0.5479 0.5238 3.1188 0.2600 -0.0016
2687.7740 0.5219 0.5244 3.1187 0.2600 -0.0005
2687.8730 0.4959 0.5250 3.1188 0.2599 0.0016
2687.9730 0.4699 0.5256 3.1189 0.2599 -0.0005
2688.0740 0.4440 0.5262 3.1186 0.2600 -0.0016
2688.1730 0.4180 0.5268 3.1185 0.2600 -0.0004
2688.2740 0.3920 0.5274 3.1186 0.2599 0.0016
2688.3730 0.3660 0.5280 3.1186 0.2599 -0.0007
2688.4740 0.3400 0.5286 3.1184 0.2600 -0.0016
2688.5740 0.3140 0.5292 3.1182 0.2600 -0.0004
2688.6740 0.2880 0.5298 3.1183 0.2599 0.0016
2688.7740 0.2621 0.5304 3.1184 0.2599 -0.0008
2688.8740 0.2361 0.5310 3.1181 0.2600 -0.0016
2688.9740 0.2101 0.5316 3.1180 0.2600 -0.0004
2689.0730 0.1842 0.5323 3.1139 0.2603 -0.0473
2689.1740 0.1581 0.5331 3.1042 0.2610 -0.0991
2689.2740 0.1320 0.5342 3.0942 0.2609 -0.1013
2689.3730 0.1060 0.5356 3.0842 0.2601 -0.0945
2689.4740 0.0800 0.5372 3.0745 0.2608 -0.0984
2689.5730 0.0539 0.5391 3.0646 0.2610 -0.0995
2689.6740 0.0280 0.5412 3.0543 0.2609 -0.1015
2689.7730 0.0020 0.5436 3.0443 0.2603 -0.0967
2689.8750 -0.0239 0.5463 3.0344 0.2608 -0.0988
2689.9730 -0.0499 0.5492 3.0245 0.2611 -0.0994
2690.0740 -0.0757 0.5524 3.0142 0.2607 -0.1026
2690.1740 -0.1016 0.5558 3.0043 0.2605 -0.0986
2690.2730 -0.1274 0.5595 2.9944 0.2609 -0.0991
2690.3730 -0.1532 0.5635 2.9844 0.2611 -0.0995
2690.4730 -0.1789 0.5677 2.9743 0.2600 -0.1075
2690.5740 -0.2046 0.5722 2.9643 0.2606 -0.0994
2690.6730 -0.2302 0.5769 2.9544 0.2609 -0.0995
2690.7730 -0.2558 0.5819 2.9444 0.2612 -0.0997
2690.8740 -0.2814 0.5871 2.9345 0.2607 -0.1006
2690.9740 -0.3069 0.5926 2.9229 0.2611 -0.1494
2691.0730 -0.3323 0.5985 2.9064 0.2618 -0.1996
2691.1730 -0.3578 0.6048 2.8832 0.2625 -0.2495
2691.2730 -0.3830 0.6119 2.8554 0.2629 -0.2995
2691.3740 -0.4081 0.6197 2.8253 0.2623 -0.3001
2691.4740 -0.4329 0.6282 2.7953 0.2627 -0.3002
2691.5740 -0.4575 0.6375 2.7654 0.2626 -0.2983
2691.6740 -0.4817 0.6475 2.7356 0.2626 -0.2975
2691.7740 -0.5057 0.6582 2.7058 0.2628 -0.2990
2691.8740 -0.5293 0.6696 2.6756 0.2626 -0.3008
2691.9730 -0.5526 0.6818 2.6457 0.2624 -0.2984
2692.0730 -0.5755 0.6946 2.6159 0.2627 -0.2986
2692.1730 -0.5981 0.7081 2.5860 0.2630 -0.2990
2692.2750 -0.6202 0.7223 2.5561 0.2621 -0.2952
2692.3760 -0.6488 0.7422 2.5163 0.2625 -0.2993
2692.4740 -0.6626 0.7523 2.4965 0.2305 -0.2890
2692.5740 -0.6770 0.7634 2.4658 0.1364 -0.3386
2692.6730 -0.6840 0.7692 2.4286 0.0516 -0.3371
2692.7730 -0.6858 0.7708 2.4131 0.0001 -0.0007
2692.8730 -0.6858 0.7708 2.4130 0.0001 -0.0007
2692.9740 -0.6858 0.7708 2.4130 0.0001 -0.0006
2693.0730 -0.6858 0.7708 2.4129 0.0001 -0.0006
2693.1740 -0.6858 0.7708 2.4128 0.0001 -0.0006
2693.2750 -0.6858 0.7708 2.4128 0.0001 -0.0006
2693.3740 -0.6858 0.7708 2.4127 0.0001 -0.0006
2693.4730 -0.6858 0.7708 2.4127 0.0001 -0.0006
2693.5730 -0.6858 0.7708 2.4126 0.0001 -0.0006
2693.6740 -0.6859 0.7708 2.4126 0.0001 -0.0006
2693.7740 -0.6859 0.7708 2.4125 0.0001 -0.0006
2693.8740 -0.6859 0.7708 2.4124 0.0001 -0.0006
2693.9740 -0.6859 0.7708 2.4124 0.0001 -0.0006
2694.0730 -0.6859 0.7708 2.4123 0.0001 -0.0006
2694.1740 -0.6859 0.7709 2.4123 0.0001 -0.0006
2694.2740 -0.6859 0.7709 2.4122 0.0001 -0.0006
2694.3740 -0.6859 0.7709 2.4122 0.0001 -0.0006
2694.4730 -0.6859 0.7709 2.4121 0.0001 -0.0006
2694.5740 -0.6859 0.7709 2.4121 0.0001 -0.0006
2694.6750 -0.6859 0.7709 2.4120 0.0001 -0.0006
2694.7730 -0.6859 0.7709 2.4120 0.0001 -0.0006
2694.8740 -0.6859 0.7709 2.4119 0.0001 -0.0006
2694.9730 -0.6859 0.7709 2.4118 0.0001 -0.0006
2695.0740 -0.6859 0.7709 2.4118 0.0001 -0.0006
2695.1740 -0.6859 0.7709 2.4117 0.0001 -0.0006
2695.2730 -0.6859 0.7709 2.4117 0.0001 -0.0006
2695.3740 -0.6859 0.7709 2.4116 0.0001 -0.0006
2695.4730 -0.6859 0.7709 2.4116 0.0001 -0.0006
2695.5730 -0.6860 0.7709 2.4115 0.0001 -0.0006
2695.6730 -0.6860 0.7709 2.4115 0.0001 -0.0006
2695.7730 -0.6860 0.7709 2.4114 0.0001 -0.0006
2695.8730 -0.6860 0.7709 2.4114 0.0001 -0.0006
2695.9750 -0.6860 0.7709 2.4113 0.0001 -0.0006
2696.0740 -0.6860 0.7709 2.4112 0.0001 -0.0006
2696.1730 -0.6860 0.7709 2.4112 0.0001 -0.0006
2696.2740 -0.6860 0.7709 2.4111 0.0001 -0.0006
2696.3740 -0.6860 0.7710 2.4111 0.0001 -0.0006
2696.4730 -0.6860 0.7710 2.4110 0.0001 -0.0006
2696.5730 -0.6860 0.7710 2.4110 0.0001 -0.0006
2696.6730 -0.6860 0.7710 2.4109 0.0001 -0.0006
2696.7740 -0.6860 0.7710 2.4109 0.0001 -0.0006
2696.8730 -0.6860 0.7710 2.4108 0.0001 -0.0006
2696.9740 -0.6860 0.7710 2.4107 0.0001 -0.0006
2697.0730 -0.6860 0.7710 2.4107 0.0001 -0.0006
2697.1740 -0.6860 0.7710 2.4106 0.0001 -0.0006
2697.2740 -0.6860 0.7710 2.4106 0.0001 -0.0006
2697.3730 -0.6860 0.7710 2.4105 0.0001 -0.0006
