3079.1920 -0.6927 0.7765 2.1900 -0.0001 -0.0008
3079.1940 -0.6927 0.7765 2.1900 -0.0001 -0.0008
3079.2940 -0.6926 0.7765 2.1900 -0.0001 -0.0008
3079.3940 -0.6926 0.7765 2.1899 -0.0001 -0.0008
3079.4940 -0.6926 0.7764 2.1898 -0.0001 -0.0008
3079.5930 -0.6926 0.7764 2.1898 -0.0001 -0.0008
3079.6940 -0.6926 0.7764 2.1897 -0.0001 -0.0008
3079.7930 -0.6926 0.7764 2.1896 -0.0001 -0.0008
3079.8930 -0.6926 0.7764 2.1895 -0.0001 -0.0008
3079.9940 -0.6926 0.7764 2.1895 -0.0001 -0.0008
3080.0930 -0.6926 0.7764 2.1894 -0.0001 -0.0008
3080.1930 -0.6926 0.7764 2.1893 -0.0001 -0.0008
3080.2940 -0.6926 0.7764 2.1892 -0.0001 -0.0008
3080.3930 -0.6926 0.7764 2.1892 -0.0001 -0.0008
3080.4940 -0.6926 0.7764 2.1891 -0.0001 -0.0008
3080.5930 -0.6926 0.7764 2.1890 -0.0001 -0.0008
3080.6940 -0.6926 0.7764 2.1890 -0.0001 -0.0008
3080.7940 -0.6926 0.7764 2.1889 -0.0001 -0.0008
3080.8950 -0.6926 0.7764 2.1888 -0.0001 -0.0008
3080.9940 -0.6926 0.7763 2.1887 -0.0001 -0.0008
3081.0930 -0.6926 0.7763 2.1887 -0.0001 -0.0008
3081.1940 -0.6926 0.7763 2.1886 -0.0001 -0.0008
3081.2940 -0.6925 0.7763 2.1885 -0.0001 -0.0008
3081.3930 -0.6925 0.7763 2.1884 -0.0001 -0.0008
3081.4940 -0.6925 0.7763 2.1884 -0.0001 -0.0008
3081.5940 -0.6925 0.7763 2.1883 -0.0001 -0.0008
3081.6940 -0.6925 0.7763 2.1882 -0.0001 -0.0008
3081.7950 -0.6925 0.7763 2.1882 -0.0001 -0.0008
3081.8930 -0.6925 0.7763 2.1881 -0.0001 -0.0008
3081.9930 -0.6925 0.7763 2.1880 -0.0001 -0.0008
3082.0940 -0.6925 0.7763 2.1879 -0.0001 -0.0008
3082.1930 -0.6925 0.7763 2.1879 -0.0001 -0.0009
3082.2940 -0.6925 0.7763 2.1878 -0.0001 -0.0009
3082.3930 -0.6925 0.7762 2.1877 -0.0001 -0.0009
3082.4940 -0.6925 0.7762 2.1876 -0.0001 -0.0009
3082.5930 -0.6925 0.7762 2.1876 -0.0001 -0.0009
3082.6930 -0.6925 0.7762 2.1875 -0.0001 -0.0009
3082.7930 -0.6925 0.7762 2.1874 -0.0001 -0.0009
3082.8930 -0.6925 0.7762 2.1874 -0.0001 -0.0009
3082.9930 -0.6925 0.7762 2.1873 -0.0001 -0.0009
3083.0930 -0.6925 0.7762 2.1872 -0.0001 -0.0009
3083.1940 -0.6925 0.7762 2.1871 -0.0001 -0.0009
3083.2930 -0.6925 0.7762 2.1871 -0.0001 -0.0009
3083.3940 -0.6924 0.7762 2.1870 -0.0001 -0.0009
3083.4930 -0.6924 0.7762 2.1869 -0.0001 -0.0009
3083.5930 -0.6924 0.7762 2.1868 -0.0001 -0.0009
3083.6930 -0.6924 0.7762 2.1868 -0.0001 -0.0009
3083.7930 -0.6924 0.7762 2.1867 -0.0001 -0.0009
3083.8940 -0.6924 0.7761 2.1866 -0.0001 -0.0009
3083.9930 -0.6924 0.7761 2.1865 -0.0001 -0.0009
3084.0960 -0.6924 0.7761 2.1865 -0.0001 -0.0009
3084.1940 -0.6924 0.7761 2.1864 -0.0001 -0.0009
3084.2950 -0.6924 0.7761 2.1863 -0.0001 -0.0009
3084.3940 -0.6924 0.7761 2.1863 -0.0001 -0.0009
3084.4940 -0.6924 0.7761 2.1862 -0.0001 -0.0009
3084.5930 -0.6924 0.7761 2.1861 -0.0001 -0.0009
3084.6940 -0.6924 0.7761 2.1860 -0.0001 -0.0009
3084.7940 -0.6924 0.7761 2.1860 -0.0001 -0.0009
3084.8930 -0.6924 0.7761 2.1859 -0.0001 -0.0009
3084.9940 -0.6924 0.7761 2.1858 -0.0001 -0.0009
3085.0930 -0.6924 0.7761 2.1857 -0.0001 -0.0009
3085.1930 -0.6924 0.7761 2.1857 -0.0001 -0.0009
3085.2930 -0.6924 0.7760 2.1856 -0.0001 -0.0009
3085.3940 -0.6923 0.7760 2.1855 -0.0001 -0.0009
3085.4930 -0.6923 0.7760 2.1854 -0.0001 -0.0009
3085.5930 -0.6923 0.7760 2.1854 -0.0001 -0.0009
3085.6940 -0.6923 0.7760 2.1853 -0.0001 -0.0009
3085.7930 -0.6923 0.7760 2.1852 -0.0001 -0.0009
3085.8930 -0.6923 0.7760 2.1852 -0.0001 -0.0009
3085.9940 -0.6923 0.7760 2.1851 -0.0001 -0.0009
3086.0940 -0.6923 0.7760 2.1850 -0.0001 -0.0009
3086.1930 -0.6923 0.7760 2.1849 -0.0001 -0.0009
3086.2940 -0.6923 0.7760 2.1849 -0.0001 -0.0009
3086.3930 -0.6923 0.7760 2.1848 -0.0001 -0.0009
3086.4940 -0.6923 0.7760 2.1847 -0.0001 -0.0009
3086.5930 -0.6923 0.7760 2.1846 -0.0001 -0.0009
3086.6940 -0.6923 0.7759 2.1846 -0.0001 -0.0009
3086.7930 -0.6923 0.7759 2.1845 -0.0001 -0.0009
3086.8930 -0.6923 0.7759 2.1844 -0.0001 -0.0009
3086.9940 -0.6923 0.7759 2.1843 -0.0001 -0.0009
3087.0940 -0.6923 0.7759 2.1843 -0.0001 -0.0009
3087.1940 -0.6923 0.7759 2.1842 -0.0001 -0.0009
3087.2940 -0.6923 0.7759 2.1841 -0.0001 -0.0009
3087.3940 -0.6922 0.7759 2.1840 -0.0001 -0.0009
3087.4930 -0.6922 0.7759 2.1840 -0.0001 -0.0009
3087.5930 -0.6922 0.7759 2.1839 -0.0001 -0.0009
3087.6940 -0.6922 0.7759 2.1838 -0.0001 -0.0009
3087.7930 -0.6922 0.7759 2.1838 -0.0001 -0.0009
3087.8940 -0.6922 0.7759 2.1837 -0.0001 -0.0009
3087.9930 -0.6922 0.7758 2.1836 -0.0001 -0.0009
3088.0940 -0.6922 0.7758 2.1835 -0.0001 -0.0009
3088.1940 -0.6922 0.7758 2.1835 -0.0001 -0.0009
3088.2930 -0.6922 0.7758 2.1834 -0.0001 -0.0009
3088.3950 -0.6922 0.7758 2.1833 -0.0001 -0.0009
3088.4940 -0.6922 0.7758 2.1832 -0.0001 -0.0009
3088.5940 -0.6922 0.7758 2.1832 -0.0001 -0.0009
3088.6930 -0.6923 0.7760 2.1839 0.0031 0.0109
3088.7930 -0.6926 0.7764 2.1859 0.0063 0.0224
3088.8930 -0.6929 0.7769 2.1881 0.0063 0.0224
3088.9930 -0.6933 0.7774 2.1903 0.0063 0.0225
3089.0940 -0.6937 0.7779 2.1926 0.0063 0.0226
3089.1930 -0.6942 0.7787 2.1960 0.0132 0.0431
3089.2940 -0.6954 0.7802 2.2025 0.0246 0.0668
3089.3940 -0.6973 0.7829 2.2100 0.0411 0.0574
3089.4940 -0.7005 0.7872 2.2140 0.0650 -0.0003
3089.5940 -0.7050 0.7931 2.2143 0.0798 0.0009
3089.6940 -0.7103 0.8003 2.2145 0.0949 0.0009
3089.7930 -0.7166 0.8086 2.2146 0.1101 0.0008
3089.8940 -0.7238 0.8182 2.2146 0.1252 0.0007
3089.9940 -0.7319 0.8290 2.2145 0.1401 -0.0007
3090.0940 -0.7407 0.8407 2.2113 0.1508 -0.0327
3090.1940 -0.7503 0.8537 2.2101 0.1684 0.0090
3090.2930 -0.7604 0.8672 2.2124 0.1530 -0.0632
3090.3940 -0.7679 0.8774 2.1999 0.1141 0.0289
3090.4940 -0.7766 0.8892 2.2143 0.1825 0.2134
3090.5940 -0.7895 0.9062 2.2250 0.2352 0.0003
3090.6940 -0.8042 0.9253 2.2242 0.2430 -0.0169
3090.7950 -0.8195 0.9454 2.2237 0.2561 0.0239
3090.8930 -0.8353 0.9659 2.2242 0.2599 0.0009
3090.9940 -0.8511 0.9866 2.2243 0.2602 0.0007
3091.0930 -0.8669 1.0073 2.2231 0.2609 -0.0492
3091.1940 -0.8826 1.0279 2.2172 0.2576 -0.0796
3091.2930 -0.8982 1.0488 2.2075 0.2608 -0.0989
3091.3930 -0.9136 1.0699 2.1961 0.2615 -0.1490
3091.4940 -0.9288 1.0912 2.1799 0.2624 -0.1959
3091.5940 -0.9435 1.1128 2.1602 0.2614 -0.1988
3091.6940 -0.9579 1.1347 2.1403 0.2617 -0.1991
3091.7930 -0.9717 1.1569 2.1155 0.2625 -0.2493
3091.8940 -0.9850 1.1796 2.0858 0.2623 -0.2948
3091.9930 -0.9976 1.2027 2.0535 0.2627 -0.3495
3092.0940 -1.0094 1.2262 2.0154 0.2635 -0.3995
3092.1940 -1.0203 1.2502 1.9755 0.2636 -0.3988
3092.2940 -1.0302 1.2746 1.9358 0.2635 -0.3972
3092.3940 -1.0391 1.2994 1.8961 0.2637 -0.3981
3092.4940 -1.0470 1.3246 1.8561 0.2637 -0.3995
3092.5940 -1.0539 1.3500 1.8164 0.2635 -0.3993
3092.6930 -1.0598 1.3756 1.7766 0.2635 -0.3985
3092.7950 -1.0647 1.4016 1.7367 0.2638 -0.3989
3092.8930 -1.0686 1.4276 1.7019 0.2620 -0.3397
3092.9930 -1.0716 1.4537 1.6719 0.2624 -0.2992
3093.0940 -1.0739 1.4798 1.6435 0.2622 -0.2501
3093.1930 -1.0755 1.5060 1.6200 0.2618 -0.1994
3093.2940 -1.0765 1.5321 1.6004 0.2617 -0.1975
3093.3930 -1.0771 1.5582 1.5838 0.2614 -0.1489
3093.4940 -1.0772 1.5843 1.5719 0.2609 -0.1012
3093.5930 -1.0771 1.6104 1.5618 0.2604 -0.0972
3093.6940 -1.0768 1.6364 1.5522 0.2608 -0.0983
3093.7940 -1.0762 1.6625 1.5423 0.2610 -0.0991
3093.8940 -1.0753 1.6886 1.5323 0.2610 -0.1011
3093.9930 -1.0742 1.7146 1.5270 0.2601 -0.0484
3094.0930 -1.0731 1.7406 1.5269 0.2599 0.0010
3094.1940 -1.0719 1.7666 1.5269 0.2601 0.0004
3094.2930 -1.0708 1.7925 1.5267 0.2601 -0.0014
3094.3940 -1.0696 1.8185 1.5266 0.2597 0.0009
3094.4930 -1.0686 1.8444 1.5346 0.2591 0.1008
3094.5940 -1.0678 1.8703 1.5478 0.2588 0.1497
3094.6940 -1.0674 1.8960 1.5651 0.2582 0.1972
3094.7930 -1.0675 1.9218 1.5849 0.2584 0.1976
3094.8940 -1.0681 1.9477 1.6049 0.2582 0.2011
3094.9930 -1.0693 1.9734 1.6249 0.2575 0.1948
3095.0940 -1.0709 1.9992 1.6446 0.2582 0.1981
3095.1930 -1.0731 2.0249 1.6644 0.2584 0.1987
3095.2940 -1.0758 2.0506 1.6843 0.2583 0.2003
3095.3930 -1.0789 2.0762 1.7043 0.2579 0.1989
3095.4940 -1.0826 2.1018 1.7242 0.2582 0.1989
3095.5930 -1.0868 2.1273 1.7441 0.2585 0.1990
3095.6930 -1.0915 2.1527 1.7640 0.2582 0.2013
3095.7940 -1.0967 2.1779 1.7857 0.2574 0.2494
3095.8930 -1.1025 2.2030 1.8122 0.2573 0.2994
3095.9940 -1.1090 2.2279 1.8421 0.2576 0.2994
3096.0930 -1.1163 2.2526 1.8719 0.2575 0.2980
3096.1940 -1.1243 2.2770 1.9019 0.2557 0.3087
3096.2930 -1.1330 2.3012 1.9321 0.2573 0.3006
3096.3940 -1.1425 2.3251 1.9621 0.2573 0.2993
3096.4930 -1.1526 2.3487 1.9919 0.2573 0.2977
3096.5940 -1.1635 2.3721 2.0217 0.2575 0.2986
3096.6960 -1.1750 2.3950 2.0519 0.2570 0.3024
3096.7940 -1.1873 2.4176 2.0819 0.2571 0.2990
3096.8940 -1.2002 2.4399 2.1118 0.2573 0.2988
3096.9940 -1.2138 2.4618 2.1416 0.2576 0.2990
3097.0940 -1.2280 2.4832 2.1715 0.2570 0.2954
3097.1930 -1.2428 2.5042 2.2016 0.2570 0.2997
3097.2930 -1.2583 2.5247 2.2316 0.2573 0.3000
3097.3940 -1.2744 2.5448 2.2615 0.2574 0.2992
3097.4960 -1.2911 2.5644 2.2912 0.2573 0.2971
3097.5940 -1.3083 2.5835 2.3210 0.2573 0.2993
3097.6940 -1.3260 2.6020 2.3473 0.2577 0.2512
3097.7930 -1.3443 2.6202 2.3674 0.2575 0.1954
3097.8940 -1.3629 2.6380 2.3873 0.2582 0.1983
3097.9930 -1.3819 2.6556 2.4039 0.2589 0.1491
3098.0940 -1.4011 2.6728 2.4166 0.2585 0.1046
3098.1930 -1.4206 2.6899 2.4220 0.2593 0.0495
3098.2940 -1.4401 2.7070 2.4221 0.2600 -0.0006
3098.3940 -1.4597 2.7242 2.4221 0.2602 -0.0003
3098.4930 -1.4792 2.7413 2.4223 0.2602 -0.0002
3098.5940 -1.4988 2.7584 2.4222 0.2598 0.0000
3098.6930 -1.5183 2.7755 2.4222 0.2600 -0.0006
3098.7930 -1.5379 2.7927 2.4221 0.2602 -0.0003
3098.8930 -1.5574 2.8098 2.4224 0.2602 -0.0001
3098.9940 -1.5770 2.8269 2.4223 0.2598 0.0000
3099.0930 -1.5965 2.8440 2.4223 0.2600 -0.0006
3099.1940 -1.6161 2.8612 2.4222 0.2602 -0.0002
3099.2940 -1.6356 2.8783 2.4224 0.2603 -0.0007
3099.3940 -1.6552 2.8954 2.4224 0.2598 0.0000
3099.4940 -1.6747 2.9125 2.4224 0.2600 -0.0006
3099.5930 -1.6943 2.9297 2.4223 0.2602 -0.0002
3099.6940 -1.7138 2.9468 2.4225 0.2602 -0.0003
3099.7940 -1.7334 2.9639 2.4225 0.2598 -0.0000
3099.8930 -1.7529 2.9810 2.4225 0.2600 -0.0006
3099.9940 -1.7725 2.9981 2.4224 0.2602 -0.0002
3100.0930 -1.7921 3.0153 2.4226 0.2602 -0.0000
3100.1940 -1.8116 3.0324 2.4226 0.2598 -0.0001
3100.2930 -1.8312 3.0495 2.4226 0.2600 -0.0006
3100.3930 -1.8507 3.0666 2.4225 0.2602 -0.0002
3100.4940 -1.8703 3.0837 2.4227 0.2602 -0.0000
3100.5940 -1.8898 3.1008 2.4227 0.2598 -0.0002
3100.6930 -1.9094 3.1180 2.4226 0.2600 -0.0006
3100.7940 -1.9290 3.1351 2.4226 0.2602 -0.0001
3100.8940 -1.9485 3.1522 2.4228 0.2601 0.0005
3100.9940 -1.9681 3.1693 2.4228 0.2598 -0.0002
3101.0930 -1.9876 3.1864 2.4227 0.2600 -0.0006
3101.1940 -2.0072 3.2035 2.4242 0.2599 0.0489
3101.2950 -2.0268 3.2206 2.4306 0.2588 0.0999
3101.3930 -2.0465 3.2373 2.4435 0.2584 0.1492
3101.4940 -2.0664 3.2537 2.4616 0.2582 0.1990
3101.5930 -2.0866 3.2697 2.4864 0.2581 0.2490
3101.6940 -2.1073 3.2851 2.5161 0.2566 0.2938
3101.7930 -2.1283 3.2998 2.5461 0.2570 0.2995
3101.8930 -2.1498 3.3139 2.5761 0.2573 0.2997
3101.9940 -2.1718 3.3274 2.6060 0.2575 0.2988
3102.0930 -2.1941 3.3402 2.6357 0.2574 0.2971
3102.1940 -2.2168 3.3523 2.6656 0.2564 0.3053
3102.2930 -2.2398 3.3638 2.6957 0.2573 0.3008
3102.3940 -2.2631 3.3745 2.7255 0.2573 0.2994
3102.4940 -2.2868 3.3845 2.7553 0.2574 0.2980
3102.5930 -2.3108 3.3939 2.7851 0.2576 0.2988
3102.6940 -2.3351 3.4025 2.8152 0.2572 0.2971
3102.7930 -2.3595 3.4104 2.8450 0.2571 0.2990
3102.8930 -2.3842 3.4175 2.8749 0.2574 0.2991
3102.9940 -2.4073 3.4235 2.9062 0.2027 0.3435
3103.0940 -2.4238 3.4271 2.9452 0.1385 0.4391
3103.1930 -2.4346 3.4290 2.9943 0.0817 0.5426
3103.2940 -2.4410 3.4298 3.0414 0.0501 0.3685
3103.3930 -2.4445 3.4302 3.0676 0.0217 0.1581
3103.4930 -2.4453 3.4302 3.0735 0.0003 -0.0001
3103.5940 -2.4454 3.4302 3.0735 0.0003 -0.0001
3103.6940 -2.4454 3.4302 3.0735 0.0003 -0.0001
3103.7940 -2.4454 3.4302 3.0734 0.0003 -0.0001
3103.8940 -2.4454 3.4302 3.0734 0.0003 -0.0001
3103.9940 -2.4455 3.4302 3.0734 0.0003 -0.0001
3104.0930 -2.4455 3.4302 3.0734 0.0003 -0.0001
3104.1950 -2.4455 3.4302 3.0734 0.0003 -0.0001
3104.2940 -2.4455 3.4302 3.0734 0.0003 -0.0001
3104.3930 -2.4456 3.4302 3.0734 0.0003 -0.0001
3104.4940 -2.4456 3.4302 3.0734 0.0003 -0.0001
3104.5940 -2.4456 3.4302 3.0734 0.0003 -0.0001
3104.6940 -2.4456 3.4302 3.0733 0.0003 -0.0001
3104.7930 -2.4457 3.4302 3.0733 0.0003 -0.0001
3104.8930 -2.4457 3.4302 3.0733 0.0003 -0.0001
3104.9930 -2.4457 3.4302 3.0733 0.0003 -0.0001
3105.0930 -2.4457 3.4302 3.0733 0.0003 -0.0001
3105.1950 -2.4458 3.4302 3.0733 0.0003 -0.0001
3105.2940 -2.4458 3.4302 3.0733 0.0003 -0.0001
3105.3930 -2.4458 3.4303 3.0733 0.0003 -0.0001
3105.4940 -2.4458 3.4303 3.0733 0.0003 -0.0001
3105.5930 -2.4459 3.4303 3.0732 0.0003 -0.0001
3105.6930 -2.4459 3.4303 3.0732 0.0003 -0.0001
3105.7950 -2.4459 3.4303 3.0732 0.0003 -0.0001
3105.8930 -2.4459 3.4303 3.0732 0.0003 -0.0001
