424.7760 0.0001 0.0002 0.0016 0.0000 0.0000
424.7770 0.0001 0.0002 0.0016 0.0000 0.0000
424.8780 0.0001 0.0002 0.0016 0.0000 0.0000
424.9770 0.0001 0.0002 0.0016 0.0000 0.0000
425.0770 0.0001 0.0002 0.0016 0.0000 0.0000
425.1780 0.0001 0.0002 0.0016 0.0000 0.0000
425.2780 0.0001 0.0002 0.0016 0.0000 0.0000
425.3780 0.0001 0.0003 0.0016 0.0000 0.0000
425.4770 0.0001 0.0003 0.0016 0.0000 0.0000
425.5780 0.0001 0.0003 0.0016 0.0000 0.0000
425.6770 0.0001 0.0003 0.0016 0.0000 0.0000
425.7770 0.0001 0.0002 0.0055 -0.0013 0.1494
425.8770 -0.0001 0.0002 0.0204 -0.0013 0.1495
425.9780 -0.0002 0.0002 0.0354 -0.0013 0.1497
426.0770 -0.0003 0.0002 0.0503 -0.0013 0.1498
426.1770 -0.0005 0.0002 0.0653 -0.0013 0.1500
426.2770 -0.0006 0.0002 0.0803 -0.0013 0.1501
426.3770 -0.0007 0.0002 0.0953 -0.0013 0.1502
426.4770 -0.0009 0.0002 0.1103 -0.0013 0.1504
426.5770 -0.0010 0.0002 0.1254 -0.0013 0.1505
426.6770 -0.0011 0.0001 0.1404 -0.0013 0.1507
426.7780 -0.0013 0.0001 0.1555 -0.0013 0.1508
426.8780 -0.0014 0.0001 0.1706 -0.0013 0.1509
426.9780 -0.0015 0.0001 0.1856 -0.0013 0.1511
427.0770 -0.0016 0.0001 0.2007 -0.0013 0.1512
427.1780 -0.0018 0.0000 0.2158 -0.0013 0.1512
427.2770 -0.0019 -0.0000 0.2309 -0.0013 0.1512
427.3770 -0.0020 -0.0000 0.2460 -0.0013 0.1511
427.4770 -0.0022 -0.0001 0.2611 -0.0013 0.1510
427.5770 -0.0023 -0.0001 0.2762 -0.0013 0.1508
427.6780 -0.0024 -0.0002 0.2913 -0.0013 0.1506
427.7770 -0.0026 -0.0002 0.3063 -0.0013 0.1504
427.8770 -0.0027 -0.0002 0.3213 -0.0013 0.1505
427.9770 -0.0028 -0.0003 0.3365 -0.0008 0.1535
428.0770 -0.0028 -0.0003 0.3515 -0.0008 0.1444
428.1770 -0.0029 -0.0002 0.3642 -0.0002 0.1049
428.2770 -0.0030 -0.0001 0.3745 -0.0009 0.1113
428.3770 -0.0031 -0.0002 0.3879 -0.0006 0.1451
428.4770 -0.0032 -0.0002 0.4024 -0.0008 0.1450
428.5770 -0.0033 -0.0003 0.4172 -0.0013 0.1480
428.6770 -0.0034 -0.0003 0.4320 -0.0013 0.1479
428.7770 -0.0035 -0.0004 0.4468 -0.0013 0.1477
428.8770 -0.0037 -0.0004 0.4615 -0.0013 0.1476
428.9770 -0.0038 -0.0005 0.4763 -0.0013 0.1475
429.0770 -0.0039 -0.0006 0.4911 -0.0013 0.1475
429.1770 -0.0040 -0.0006 0.5059 -0.0013 0.1475
429.2770 -0.0041 -0.0007 0.5206 -0.0013 0.1476
429.3770 -0.0042 -0.0007 0.5354 -0.0013 0.1478
429.4770 -0.0043 -0.0008 0.5502 -0.0013 0.1479
429.5770 -0.0044 -0.0009 0.5650 -0.0013 0.1480
429.6770 -0.0046 -0.0010 0.5798 -0.0013 0.1481
429.7770 -0.0047 -0.0010 0.5947 -0.0013 0.1483
429.8770 -0.0048 -0.0011 0.6095 -0.0013 0.1484
429.9770 -0.0049 -0.0012 0.6244 -0.0013 0.1486
430.0770 -0.0050 -0.0013 0.6392 -0.0013 0.1487
430.1780 -0.0051 -0.0013 0.6541 -0.0013 0.1488
430.2770 -0.0052 -0.0014 0.6690 -0.0013 0.1490
430.3770 -0.0053 -0.0015 0.6839 -0.0013 0.1491
430.4770 -0.0054 -0.0016 0.6988 -0.0013 0.1492
430.5770 -0.0055 -0.0017 0.7138 -0.0013 0.1494
430.6770 -0.0056 -0.0018 0.7287 -0.0013 0.1495
430.7770 -0.0057 -0.0019 0.7437 -0.0013 0.1496
430.8770 -0.0058 -0.0019 0.7586 -0.0013 0.1498
430.9770 -0.0059 -0.0020 0.7736 -0.0013 0.1499
431.0770 -0.0060 -0.0021 0.7886 -0.0013 0.1501
431.1770 -0.0061 -0.0022 0.8036 -0.0013 0.1502
431.2770 -0.0061 -0.0023 0.8186 -0.0013 0.1503
431.3770 -0.0062 -0.0024 0.8337 -0.0013 0.1505
431.4770 -0.0063 -0.0025 0.8487 -0.0013 0.1506
431.5780 -0.0064 -0.0026 0.8638 -0.0013 0.1508
431.6770 -0.0065 -0.0027 0.8788 -0.0013 0.1509
431.7770 -0.0066 -0.0028 0.8939 -0.0013 0.1510
431.8770 -0.0067 -0.0029 0.9090 -0.0014 0.1512
431.9770 -0.0067 -0.0031 0.9241 -0.0014 0.1512
432.0770 -0.0068 -0.0032 0.9392 -0.0014 0.1512
432.1770 -0.0069 -0.0033 0.9543 -0.0014 0.1511
432.2770 -0.0070 -0.0034 0.9694 -0.0014 0.1510
432.3770 -0.0071 -0.0035 0.9844 -0.0014 0.1508
432.4770 -0.0071 -0.0036 0.9995 -0.0014 0.1506
432.5770 -0.0072 -0.0037 1.0145 -0.0014 0.1504
432.6770 -0.0073 -0.0038 1.0296 -0.0013 0.1501
432.7770 -0.0073 -0.0040 1.0445 -0.0013 0.1500
432.8770 -0.0074 -0.0041 1.0596 -0.0010 0.1483
432.9770 -0.0075 -0.0041 1.0726 -0.0003 0.1029
433.0770 -0.0077 -0.0039 1.0811 0.0018 0.0793
433.1770 -0.0077 -0.0036 1.0906 0.0028 0.1187
433.2770 -0.0077 -0.0035 1.1043 -0.0007 0.1443
433.3760 -0.0077 -0.0036 1.1189 -0.0013 0.1478
433.4770 -0.0078 -0.0037 1.1337 -0.0013 0.1478
433.5770 -0.0078 -0.0039 1.1485 -0.0013 0.1477
433.6770 -0.0079 -0.0040 1.1633 -0.0013 0.1476
433.7770 -0.0079 -0.0041 1.1780 -0.0013 0.1475
433.8770 -0.0080 -0.0042 1.1928 -0.0013 0.1475
433.9770 -0.0080 -0.0043 1.2076 -0.0013 0.1475
434.0770 -0.0081 -0.0045 1.2223 -0.0013 0.1476
434.1770 -0.0081 -0.0046 1.2371 -0.0013 0.1477
434.2770 -0.0082 -0.0047 1.2519 -0.0013 0.1478
434.3770 -0.0082 -0.0048 1.2667 -0.0013 0.1480
434.4770 -0.0082 -0.0049 1.2815 -0.0013 0.1481
434.5770 -0.0083 -0.0051 1.2963 -0.0013 0.1482
434.6770 -0.0083 -0.0052 1.3112 -0.0013 0.1484
434.7770 -0.0083 -0.0053 1.3260 -0.0013 0.1485
434.8770 -0.0084 -0.0054 1.3409 -0.0013 0.1486
434.9770 -0.0084 -0.0056 1.3558 -0.0013 0.1488
435.0770 -0.0084 -0.0057 1.3707 -0.0013 0.1489
435.1770 -0.0084 -0.0058 1.3856 -0.0013 0.1491
435.2770 -0.0085 -0.0060 1.4005 -0.0013 0.1492
435.3770 -0.0085 -0.0061 1.4154 -0.0013 0.1493
435.4770 -0.0085 -0.0062 1.4303 -0.0013 0.1495
435.5770 -0.0085 -0.0063 1.4453 -0.0013 0.1496
435.6770 -0.0085 -0.0065 1.4603 -0.0013 0.1498
435.7770 -0.0085 -0.0066 1.4752 -0.0013 0.1499
435.8770 -0.0085 -0.0067 1.4902 -0.0013 0.1500
435.9770 -0.0086 -0.0069 1.5052 -0.0013 0.1502
436.0770 -0.0086 -0.0070 1.5202 -0.0013 0.1503
436.1770 -0.0086 -0.0071 1.5353 -0.0013 0.1505
436.2780 -0.0086 -0.0073 1.5503 -0.0013 0.1506
436.3780 -0.0086 -0.0074 1.5654 -0.0013 0.1507
436.4770 -0.0086 -0.0075 1.5804 -0.0013 0.1509
436.5770 -0.0086 -0.0077 1.5955 -0.0013 0.1510
436.6770 -0.0086 -0.0078 1.6106 -0.0013 0.1511
436.7770 -0.0085 -0.0079 1.6257 -0.0013 0.1512
436.8770 -0.0085 -0.0081 1.6408 -0.0014 0.1512
436.9770 -0.0085 -0.0082 1.6559 -0.0014 0.1511
437.0770 -0.0085 -0.0083 1.6710 -0.0014 0.1510
437.1770 -0.0085 -0.0085 1.6861 -0.0013 0.1509
437.2770 -0.0085 -0.0086 1.7011 -0.0013 0.1507
437.3770 -0.0085 -0.0087 1.7162 -0.0013 0.1505
437.4770 -0.0084 -0.0089 1.7312 -0.0013 0.1502
437.5780 -0.0084 -0.0090 1.7462 -0.0011 0.1513
437.6770 -0.0084 -0.0091 1.7615 -0.0008 0.1499
437.7770 -0.0084 -0.0091 1.7755 0.0005 0.1215
437.8770 -0.0085 -0.0089 1.7858 0.0020 0.0992
437.9770 -0.0086 -0.0088 1.7972 0.0018 0.1298
438.0770 -0.0086 -0.0087 1.8111 -0.0008 0.1438
438.1770 -0.0086 -0.0088 1.8256 -0.0010 0.1463
438.2770 -0.0085 -0.0089 1.8404 -0.0013 0.1479
438.3770 -0.0085 -0.0091 1.8552 -0.0013 0.1478
438.4770 -0.0085 -0.0092 1.8700 -0.0013 0.1476
438.5770 -0.0084 -0.0093 1.8848 -0.0013 0.1475
438.6770 -0.0084 -0.0094 1.8995 -0.0013 0.1475
438.7770 -0.0083 -0.0096 1.9143 -0.0013 0.1475
438.8770 -0.0083 -0.0097 1.9291 -0.0013 0.1476
438.9770 -0.0082 -0.0098 1.9438 -0.0013 0.1477
439.0770 -0.0082 -0.0099 1.9586 -0.0013 0.1478
439.1770 -0.0081 -0.0100 1.9734 -0.0013 0.1480
439.2770 -0.0081 -0.0101 1.9883 -0.0013 0.1481
439.3780 -0.0080 -0.0103 2.0031 -0.0013 0.1482
439.4770 -0.0080 -0.0104 2.0179 -0.0013 0.1484
439.5770 -0.0079 -0.0105 2.0328 -0.0013 0.1485
439.6770 -0.0079 -0.0106 2.0476 -0.0013 0.1486
439.7770 -0.0078 -0.0107 2.0625 -0.0013 0.1488
439.8770 -0.0077 -0.0108 2.0774 -0.0013 0.1489
439.9770 -0.0077 -0.0110 2.0923 -0.0013 0.1490
440.0770 -0.0076 -0.0111 2.1072 -0.0013 0.1492
440.1770 -0.0075 -0.0112 2.1222 -0.0013 0.1493
440.2770 -0.0075 -0.0113 2.1371 -0.0013 0.1495
440.3770 -0.0074 -0.0114 2.1520 -0.0013 0.1496
440.4770 -0.0073 -0.0115 2.1670 -0.0013 0.1497
440.5770 -0.0072 -0.0116 2.1820 -0.0013 0.1499
440.6770 -0.0071 -0.0117 2.1970 -0.0013 0.1500
440.7770 -0.0071 -0.0118 2.2120 -0.0013 0.1502
440.8770 -0.0070 -0.0119 2.2270 -0.0013 0.1503
440.9780 -0.0069 -0.0120 2.2420 -0.0013 0.1504
441.0770 -0.0068 -0.0121 2.2570 -0.0013 0.1506
441.1770 -0.0067 -0.0123 2.2721 -0.0013 0.1507
441.2770 -0.0066 -0.0124 2.2872 -0.0013 0.1509
441.3770 -0.0066 -0.0125 2.3022 -0.0013 0.1510
441.4770 -0.0065 -0.0126 2.3173 -0.0014 0.1511
441.5770 -0.0064 -0.0126 2.3324 -0.0014 0.1512
441.6770 -0.0063 -0.0127 2.3475 -0.0014 0.1512
441.7770 -0.0062 -0.0128 2.3626 -0.0014 0.1511
441.8770 -0.0061 -0.0129 2.3777 -0.0014 0.1510
441.9770 -0.0060 -0.0130 2.3928 -0.0014 0.1509
442.0770 -0.0059 -0.0131 2.4078 -0.0014 0.1507
442.1770 -0.0058 -0.0132 2.4229 -0.0014 0.1505
442.2770 -0.0057 -0.0133 2.4379 -0.0014 0.1502
442.3770 -0.0056 -0.0134 2.4529 -0.0014 0.1499
442.4770 -0.0055 -0.0135 2.4679 -0.0013 0.1493
442.5770 -0.0053 -0.0136 2.4821 -0.0019 0.1271
442.6770 -0.0054 -0.0139 2.4922 -0.0006 0.0820
442.7770 -0.0056 -0.0141 2.5007 0.0010 0.0986
442.8770 -0.0056 -0.0140 2.5132 -0.0004 0.1437
442.9770 -0.0056 -0.0141 2.5277 -0.0008 0.1450
443.0770 -0.0055 -0.0141 2.5425 -0.0013 0.1479
443.1770 -0.0054 -0.0142 2.5573 -0.0013 0.1478
443.2770 -0.0052 -0.0143 2.5721 -0.0013 0.1476
443.3790 -0.0051 -0.0143 2.5869 -0.0013 0.1475
443.4770 -0.0050 -0.0144 2.6016 -0.0013 0.1475
443.5770 -0.0049 -0.0145 2.6164 -0.0013 0.1475
