7775.8720 0.0574 0.0044 0.0161 0.0000 0.0000
7775.8740 0.0574 0.0044 0.0161 0.0000 0.0000
7775.9730 0.0574 0.0044 0.0161 0.0000 0.0000
7776.0730 0.0574 0.0044 0.0161 0.0000 0.0000
7776.1760 0.0574 0.0044 0.0161 0.0000 0.0000
7776.2730 0.0574 0.0044 0.0161 0.0000 0.0000
7776.3730 0.0574 0.0044 0.0161 0.0000 0.0000
7776.4730 0.0574 0.0044 0.0161 0.0000 0.0000
7776.5740 0.0574 0.0044 0.0163 -0.0000 0.0031
7776.6740 0.0574 0.0044 0.0184 0.0006 0.0530
7776.7730 0.0575 0.0044 0.0298 0.0006 0.1854
7776.8730 0.0574 0.0044 0.0495 -0.0017 0.1977
7776.9730 0.0572 0.0044 0.0692 -0.0017 0.1975
7777.0730 0.0570 0.0044 0.0890 -0.0017 0.1974
7777.1730 0.0568 0.0044 0.1088 -0.0017 0.1973
7777.2730 0.0567 0.0043 0.1285 -0.0017 0.1974
7777.3740 0.0565 0.0043 0.1483 -0.0017 0.1975
7777.4730 0.0563 0.0043 0.1680 -0.0017 0.1977
7777.5730 0.0562 0.0043 0.1878 -0.0017 0.1978
7777.6760 0.0560 0.0042 0.2076 -0.0017 0.1980
7777.7740 0.0558 0.0042 0.2275 -0.0017 0.1982
7777.8730 0.0557 0.0041 0.2473 -0.0017 0.1984
7777.9730 0.0555 0.0041 0.2671 -0.0018 0.1986
7778.0730 0.0553 0.0040 0.2870 -0.0018 0.1987
7778.1730 0.0552 0.0040 0.3069 -0.0018 0.1989
7778.2730 0.0550 0.0039 0.3268 -0.0018 0.1991
7778.3730 0.0548 0.0039 0.3467 -0.0018 0.1993
7778.4730 0.0547 0.0038 0.3667 -0.0018 0.1995
7778.5730 0.0545 0.0037 0.3866 -0.0018 0.1997
7778.6740 0.0543 0.0037 0.4066 -0.0018 0.1999
7778.7730 0.0542 0.0036 0.4266 -0.0018 0.2001
7778.8730 0.0540 0.0035 0.4466 -0.0018 0.2002
7778.9730 0.0538 0.0034 0.4666 -0.0018 0.2004
7779.0740 0.0537 0.0033 0.4866 -0.0018 0.2006
7779.1730 0.0535 0.0033 0.5067 -0.0018 0.2008
7779.2730 0.0534 0.0032 0.5268 -0.0018 0.2010
7779.3730 0.0532 0.0031 0.5469 -0.0018 0.2011
7779.4730 0.0531 0.0030 0.5669 -0.0018 0.2010
7779.5730 0.0529 0.0029 0.5870 -0.0018 0.2009
7779.6730 0.0528 0.0028 0.6071 -0.0018 0.2007
7779.7730 0.0526 0.0027 0.6271 -0.0018 0.2004
7779.8730 0.0525 0.0026 0.6471 -0.0018 0.2000
7779.9730 0.0523 0.0024 0.6671 -0.0018 0.1994
7780.0740 0.0522 0.0023 0.6868 -0.0009 0.1911
7780.1730 0.0521 0.0024 0.7039 -0.0018 0.1540
7780.2730 0.0518 0.0023 0.7201 -0.0040 0.1761
7780.3730 0.0516 0.0021 0.7390 -0.0018 0.1974
7780.4750 0.0515 0.0020 0.7588 -0.0017 0.1978
7780.5750 0.0513 0.0018 0.7786 -0.0017 0.1975
7780.6730 0.0512 0.0017 0.7984 -0.0017 0.1974
7780.7730 0.0511 0.0016 0.8181 -0.0017 0.1973
7780.8730 0.0510 0.0015 0.8379 -0.0017 0.1973
7780.9730 0.0509 0.0013 0.8576 -0.0017 0.1975
7781.0730 0.0507 0.0012 0.8774 -0.0017 0.1976
7781.1730 0.0506 0.0011 0.8972 -0.0017 0.1978
7781.2730 0.0505 0.0009 0.9170 -0.0018 0.1980
7781.3730 0.0504 0.0008 0.9368 -0.0018 0.1982
7781.4730 0.0503 0.0006 0.9566 -0.0018 0.1983
7781.5730 0.0502 0.0005 0.9765 -0.0018 0.1985
7781.6730 0.0501 0.0003 0.9963 -0.0018 0.1987
7781.7740 0.0500 0.0002 1.0162 -0.0018 0.1989
7781.8730 0.0499 0.0000 1.0361 -0.0018 0.1991
7781.9730 0.0499 -0.0001 1.0560 -0.0018 0.1992
7782.0730 0.0498 -0.0003 1.0760 -0.0018 0.1994
7782.1740 0.0497 -0.0004 1.0959 -0.0018 0.1996
7782.2730 0.0496 -0.0006 1.1159 -0.0018 0.1998
7782.3730 0.0495 -0.0008 1.1359 -0.0018 0.2000
7782.4730 0.0495 -0.0009 1.1559 -0.0018 0.2002
7782.5730 0.0494 -0.0011 1.1759 -0.0018 0.2004
7782.6730 0.0493 -0.0012 1.1959 -0.0018 0.2006
7782.7730 0.0493 -0.0014 1.2160 -0.0018 0.2007
7782.8730 0.0492 -0.0016 1.2360 -0.0018 0.2009
7782.9730 0.0492 -0.0018 1.2561 -0.0018 0.2010
7783.0730 0.0491 -0.0019 1.2762 -0.0018 0.2010
7783.1730 0.0491 -0.0021 1.2963 -0.0018 0.2009
7783.2730 0.0490 -0.0023 1.3163 -0.0018 0.2007
7783.3730 0.0490 -0.0025 1.3364 -0.0018 0.2004
7783.4730 0.0489 -0.0026 1.3564 -0.0018 0.2001
7783.5730 0.0489 -0.0028 1.3763 -0.0017 0.1995
7783.6730 0.0489 -0.0029 1.3961 -0.0007 0.1917
7783.7730 0.0488 -0.0029 1.4134 0.0000 0.1535
7783.8730 0.0488 -0.0030 1.4288 -0.0009 0.1709
7783.9730 0.0488 -0.0031 1.4481 -0.0016 0.1986
7784.0730 0.0488 -0.0033 1.4679 -0.0017 0.1978
7784.1730 0.0488 -0.0034 1.4877 -0.0017 0.1976
7784.2730 0.0488 -0.0036 1.5074 -0.0017 0.1974
7784.3740 0.0487 -0.0038 1.5272 -0.0017 0.1973
7784.4730 0.0487 -0.0040 1.5469 -0.0017 0.1973
7784.5730 0.0487 -0.0041 1.5667 -0.0017 0.1974
7784.6730 0.0487 -0.0043 1.5865 -0.0017 0.1976
7784.7730 0.0488 -0.0045 1.6062 -0.0017 0.1978
7784.8730 0.0488 -0.0046 1.6260 -0.0017 0.1980
7784.9730 0.0488 -0.0048 1.6459 -0.0017 0.1981
7785.0730 0.0488 -0.0050 1.6657 -0.0017 0.1983
7785.1730 0.0488 -0.0052 1.6855 -0.0017 0.1985
7785.2730 0.0488 -0.0053 1.7054 -0.0018 0.1987
7785.3730 0.0489 -0.0055 1.7253 -0.0018 0.1989
7785.4730 0.0489 -0.0057 1.7452 -0.0018 0.1991
7785.5730 0.0489 -0.0059 1.7651 -0.0018 0.1992
7785.6730 0.0490 -0.0060 1.7850 -0.0018 0.1994
7785.7730 0.0490 -0.0062 1.8050 -0.0018 0.1996
7785.8730 0.0491 -0.0064 1.8249 -0.0018 0.1998
7785.9730 0.0491 -0.0065 1.8449 -0.0018 0.2000
7786.0730 0.0492 -0.0067 1.8649 -0.0018 0.2002
7786.1730 0.0492 -0.0069 1.8849 -0.0018 0.2004
7786.2730 0.0493 -0.0071 1.9050 -0.0018 0.2006
7786.3730 0.0493 -0.0072 1.9250 -0.0018 0.2008
7786.4730 0.0494 -0.0074 1.9451 -0.0018 0.2009
7786.5730 0.0495 -0.0076 1.9652 -0.0018 0.2011
7786.6730 0.0495 -0.0077 1.9853 -0.0018 0.2010
7786.7730 0.0496 -0.0079 2.0053 -0.0018 0.2009
7786.8730 0.0497 -0.0081 2.0254 -0.0018 0.2007
7786.9730 0.0498 -0.0082 2.0454 -0.0018 0.2005
7787.0730 0.0499 -0.0084 2.0655 -0.0018 0.2002
7787.1730 0.0500 -0.0085 2.0855 -0.0018 0.1997
7787.2730 0.0500 -0.0087 2.1054 -0.0016 0.1975
7787.3730 0.0500 -0.0088 2.1238 -0.0016 0.1642
7787.4730 0.0501 -0.0092 2.1397 -0.0048 0.1692
7787.5730 0.0503 -0.0095 2.1576 -0.0022 0.1945
7787.6730 0.0504 -0.0096 2.1774 -0.0017 0.1979
7787.7730 0.0505 -0.0098 2.1972 -0.0017 0.1976
7787.8730 0.0506 -0.0099 2.2170 -0.0017 0.1974
7787.9730 0.0507 -0.0101 2.2368 -0.0017 0.1973
7788.0730 0.0508 -0.0102 2.2565 -0.0017 0.1973
7788.1730 0.0509 -0.0103 2.2763 -0.0017 0.1974
7788.2730 0.0510 -0.0105 2.2960 -0.0017 0.1976
7788.3730 0.0512 -0.0106 2.3158 -0.0017 0.1978
7788.4730 0.0513 -0.0107 2.3356 -0.0018 0.1979
7788.5730 0.0514 -0.0108 2.3554 -0.0018 0.1981
7788.6730 0.0515 -0.0110 2.3752 -0.0018 0.1983
7788.7730 0.0517 -0.0111 2.3951 -0.0018 0.1985
7788.8730 0.0518 -0.0112 2.4150 -0.0018 0.1987
7788.9730 0.0519 -0.0113 2.4348 -0.0018 0.1988
7789.0730 0.0521 -0.0114 2.4547 -0.0018 0.1990
7789.1730 0.0522 -0.0115 2.4746 -0.0018 0.1992
7789.2740 0.0524 -0.0116 2.4946 -0.0018 0.1994
7789.3730 0.0525 -0.0117 2.5145 -0.0018 0.1996
7789.4730 0.0526 -0.0118 2.5345 -0.0018 0.1998
7789.5740 0.0528 -0.0119 2.5544 -0.0018 0.1999
7789.6730 0.0529 -0.0120 2.5744 -0.0018 0.2001
7789.7740 0.0531 -0.0121 2.5944 -0.0018 0.2003
7789.8730 0.0533 -0.0122 2.6145 -0.0018 0.2005
7789.9730 0.0534 -0.0123 2.6345 -0.0018 0.2007
