68.1730 0.0000 0.0000 0.0002 0.0000 0.0000
68.1750 0.0000 0.0000 0.0002 0.0000 0.0000
68.2740 0.0000 0.0000 0.0002 0.0000 0.0000
68.3740 0.0000 0.0000 0.0002 0.0000 0.0000
68.4760 0.0000 0.0000 0.0002 0.0000 0.0000
68.5750 0.0000 0.0000 0.0003 0.0000 0.0000
68.6740 0.0000 0.0000 0.0003 0.0000 0.0000
68.7740 0.0000 0.0000 0.0003 0.0000 0.0000
68.8740 0.0000 0.0000 0.0003 0.0000 0.0000
68.9740 0.0000 0.0000 0.0003 0.0000 0.0000
69.0740 0.0000 0.0000 0.0003 0.0000 0.0000
69.1740 0.0000 0.0000 0.0003 0.0000 0.0000
69.2740 0.0000 0.0000 0.0003 0.0000 0.0000
69.3740 0.0000 0.0000 0.0003 0.0000 0.0000
69.4740 0.0000 0.0000 0.0003 0.0000 0.0000
69.5740 0.0000 0.0000 0.0003 0.0000 0.0000
69.6740 0.0000 0.0000 -0.0030 0.0004 -0.0498
69.7740 0.0001 0.0000 -0.0112 0.0009 -0.0997
69.8740 0.0002 0.0000 -0.0212 0.0009 -0.0998
69.9740 0.0003 0.0000 -0.0311 0.0009 -0.0998
70.0750 0.0004 0.0000 -0.0411 0.0009 -0.0999
70.1740 0.0005 0.0000 -0.0559 0.0018 -0.1997
70.2740 0.0007 0.0000 -0.0768 0.0008 -0.0983
70.3740 0.0010 -0.0000 -0.1160 0.0045 -0.4993
70.4750 0.0015 -0.0001 -0.1755 0.0058 -0.6493
70.5740 0.0022 -0.0002 -0.2499 0.0071 -0.7988
70.6740 0.0029 -0.0004 -0.3380 0.0077 -0.9275
70.7740 0.0036 -0.0007 -0.4321 0.0064 -1.0151
70.8740 0.0043 -0.0011 -0.5441 0.0103 -1.1445
70.9740 0.0052 -0.0017 -0.6634 0.0107 -1.1954
71.0740 0.0061 -0.0024 -0.7879 0.0112 -1.2464
71.1740 0.0068 -0.0033 -0.9174 0.0116 -1.2973
71.2740 0.0075 -0.0043 -1.0518 0.0117 -1.3421
71.3740 0.0081 -0.0054 -1.1885 0.0125 -1.3932
71.4750 0.0085 -0.0066 -1.3327 0.0129 -1.4441
71.5740 0.0087 -0.0079 -1.4820 0.0134 -1.4953
71.6740 0.0087 -0.0093 -1.6365 0.0138 -1.5464
71.7740 0.0085 -0.0107 -1.7956 0.0133 -1.5796
71.8740 0.0081 -0.0120 -1.9575 0.0148 -1.6426
71.9740 0.0075 -0.0134 -2.1250 0.0152 -1.6939
72.0740 0.0066 -0.0146 -2.2958 0.0154 -1.7154
72.1740 0.0055 -0.0157 -2.4673 0.0150 -1.7136
72.2740 0.0042 -0.0165 -2.6382 0.0154 -1.7121
72.3740 0.0028 -0.0172 -2.8095 0.0154 -1.7135
72.4740 0.0013 -0.0176 -2.9809 0.0153 -1.7151
72.5740 -0.0001 -0.0177 3.1354 0.0143 -1.6151
72.6750 -0.0014 -0.0176 2.9823 0.0136 -1.4620
72.7750 -0.0026 -0.0173 2.8455 0.0118 -1.3140
72.8740 -0.0036 -0.0170 2.7237 0.0105 -1.1657
72.9740 -0.0045 -0.0165 2.6120 0.0100 -1.1169
73.0740 -0.0053 -0.0160 2.5052 0.0096 -1.0680
73.1740 -0.0060 -0.0154 2.4032 0.0091 -1.0173
73.2740 -0.0066 -0.0148 2.3072 0.0085 -0.9499
73.3750 -0.0072 -0.0142 2.2155 0.0082 -0.9148
73.4740 -0.0076 -0.0136 2.1288 0.0078 -0.8656
73.5750 -0.0080 -0.0129 2.0471 0.0073 -0.8165
73.6740 -0.0083 -0.0123 1.9703 0.0069 -0.7674
73.7740 -0.0085 -0.0117 1.8984 0.0064 -0.7182
73.8740 -0.0087 -0.0111 1.8315 0.0060 -0.6690
73.9750 -0.0088 -0.0106 1.7694 0.0056 -0.6196
74.0750 -0.0089 -0.0101 1.7123 0.0051 -0.5694
74.1740 -0.0090 -0.0096 1.6601 0.0046 -0.5185
74.2740 -0.0090 -0.0092 1.6092 0.0034 -0.4863
74.3740 -0.0090 -0.0089 1.5588 0.0046 -0.5161
74.4740 -0.0090 -0.0084 1.5071 0.0046 -0.5163
74.5740 -0.0090 -0.0079 1.4555 0.0046 -0.5164
74.6740 -0.0089 -0.0075 1.4038 0.0046 -0.5168
74.7740 -0.0088 -0.0070 1.3521 0.0046 -0.5173
74.8740 -0.0087 -0.0066 1.3003 0.0046 -0.5178
74.9740 -0.0086 -0.0061 1.2485 0.0046 -0.5183
75.0740 -0.0084 -0.0057 1.1967 0.0047 -0.5187
75.1750 -0.0083 -0.0053 1.1448 0.0047 -0.5192
75.2740 -0.0081 -0.0049 1.0977 0.0042 -0.4698
75.3740 -0.0079 -0.0045 1.0556 0.0038 -0.4203
75.4740 -0.0077 -0.0042 1.0136 0.0038 -0.4201
75.5740 -0.0075 -0.0039 0.9730 0.0033 -0.3714
75.6740 -0.0073 -0.0036 0.9373 0.0026 -0.3091
75.7740 -0.0072 -0.0034 0.9061 0.0029 -0.2877
75.8740 -0.0069 -0.0033 0.8807 0.0014 -0.2034
75.9740 -0.0068 -0.0032 0.8626 0.0008 -0.1645
76.0740 -0.0068 -0.0032 0.8491 0.0007 -0.1160
76.1740 -0.0067 -0.0031 0.8375 0.0007 -0.1158
76.2740 -0.0067 -0.0031 0.8257 0.0010 -0.1179
76.3740 -0.0066 -0.0030 0.8139 0.0010 -0.1178
76.4740 -0.0066 -0.0029 0.8068 0.0001 -0.0176
76.5750 -0.0066 -0.0030 0.8142 -0.0012 0.1314
76.6750 -0.0067 -0.0031 0.8363 -0.0026 0.2779
76.7740 -0.0069 -0.0033 0.8651 -0.0024 0.3265
76.8740 -0.0071 -0.0035 0.8980 -0.0028 0.3238
76.9740 -0.0073 -0.0037 0.9289 -0.0023 0.3235
77.0740 -0.0075 -0.0039 0.9685 -0.0041 0.4763
77.1740 -0.0077 -0.0043 1.0176 -0.0047 0.5263
77.2740 -0.0079 -0.0047 1.0717 -0.0051 0.5762
77.3740 -0.0082 -0.0051 1.1308 -0.0056 0.6266
77.4740 -0.0084 -0.0057 1.1951 -0.0060 0.6770
77.5740 -0.0086 -0.0062 1.2628 -0.0061 0.6776
77.6740 -0.0087 -0.0068 1.3306 -0.0061 0.6783
77.7740 -0.0088 -0.0074 1.3984 -0.0061 0.6789
77.8740 -0.0089 -0.0080 1.4663 -0.0061 0.6794
77.9740 -0.0090 -0.0086 1.5342 -0.0061 0.6788
78.0740 -0.0090 -0.0092 1.6020 -0.0059 0.6715
78.1740 -0.0089 -0.0097 1.6683 -0.0062 0.6776
78.2740 -0.0088 -0.0103 1.7359 -0.0060 0.6757
78.3740 -0.0087 -0.0109 1.8035 -0.0060 0.6761
78.4740 -0.0086 -0.0115 1.8712 -0.0060 0.6767
78.5740 -0.0083 -0.0121 1.9389 -0.0060 0.6773
78.6740 -0.0081 -0.0126 2.0066 -0.0061 0.6779
78.7740 -0.0078 -0.0132 2.0744 -0.0061 0.6785
78.8740 -0.0075 -0.0137 2.1423 -0.0061 0.6792
78.9740 -0.0072 -0.0142 2.2102 -0.0061 0.6793
79.0740 -0.0068 -0.0147 2.2781 -0.0061 0.6783
79.1740 -0.0064 -0.0151 2.3451 -0.0062 0.6518
79.2740 -0.0059 -0.0156 2.4122 -0.0061 0.6759
79.3740 -0.0055 -0.0159 2.4798 -0.0060 0.6757
79.4750 -0.0050 -0.0163 2.5474 -0.0060 0.6763
79.5740 -0.0045 -0.0166 2.6150 -0.0060 0.6769
79.6740 -0.0039 -0.0169 2.6827 -0.0061 0.6775
79.7740 -0.0034 -0.0171 2.7505 -0.0061 0.6781
79.8740 -0.0028 -0.0173 2.8184 -0.0061 0.6788
79.9740 -0.0022 -0.0175 2.8863 -0.0061 0.6794
80.0740 -0.0016 -0.0176 2.9542 -0.0061 0.6790
80.1750 -0.0010 -0.0177 3.0220 -0.0060 0.6768
80.2740 -0.0005 -0.0178 3.0883 -0.0047 0.6719
80.3740 0.0001 -0.0178 -3.1273 -0.0060 0.6757
80.4740 0.0007 -0.0177 -3.0597 -0.0060 0.6759
80.5740 0.0013 -0.0177 -2.9936 -0.0056 0.6267
80.6740 0.0018 -0.0176 -2.9325 -0.0051 0.5774
80.7740 0.0023 -0.0174 -2.8747 -0.0051 0.5779
80.8740 0.0028 -0.0173 -2.8169 -0.0052 0.5785
80.9740 0.0033 -0.0171 -2.7590 -0.0052 0.5790
81.0750 0.0038 -0.0169 -2.7026 -0.0048 0.5297
81.1740 0.0041 -0.0167 -2.6592 -0.0034 0.3804
81.2740 0.0044 -0.0166 -2.6274 -0.0026 0.1442
81.3740 0.0044 -0.0165 -2.6275 -0.0009 0.1317
81.4740 0.0045 -0.0165 -2.6175 -0.0008 0.0814
81.5740 0.0046 -0.0165 -2.6125 -0.0003 0.0320
81.6740 0.0046 -0.0165 -2.6125 0.0001 -0.0177
81.7740 0.0045 -0.0165 -2.6173 0.0005 -0.0668
81.8740 0.0045 -0.0165 -2.6272 0.0011 -0.1176
81.9740 0.0043 -0.0166 -2.6436 0.0020 -0.2173
82.0740 0.0042 -0.0167 -2.6668 0.0024 -0.2674
82.1740 0.0039 -0.0168 -2.6951 0.0029 -0.3174
82.2740 0.0037 -0.0169 -2.7284 0.0033 -0.3676
82.3740 0.0033 -0.0171 -2.7667 0.0038 -0.4178
82.4740 0.0030 -0.0172 -2.8100 0.0042 -0.4680
82.5740 0.0025 -0.0174 -2.8665 0.0055 -0.6180
82.6740 0.0019 -0.0175 -2.9379 0.0069 -0.7681
82.7740 0.0011 -0.0177 -3.0244 0.0082 -0.9184
82.8740 0.0003 -0.0177 -3.1176 0.0086 -0.9684
82.9740 -0.0005 -0.0177 3.0690 0.0077 -0.9547
83.0740 -0.0013 -0.0176 2.9686 0.0095 -1.0640
83.1740 -0.0023 -0.0174 2.8606 0.0100 -1.1148
83.2740 -0.0032 -0.0171 2.7476 0.0105 -1.1656
83.3740 -0.0042 -0.0166 2.6294 0.0109 -1.2166
83.4740 -0.0051 -0.0161 2.5062 0.0113 -1.2673
83.5740 -0.0060 -0.0153 2.3748 0.0114 -1.3115
83.6740 -0.0068 -0.0145 2.2440 0.0118 -1.3135
83.7740 -0.0075 -0.0135 2.1126 0.0118 -1.3144
83.8740 -0.0080 -0.0125 1.9811 0.0118 -1.3156
83.9740 -0.0084 -0.0114 1.8494 0.0118 -1.3168
84.0740 -0.0087 -0.0104 1.7338 0.0067 -0.8427
84.1740 -0.0088 -0.0099 1.6735 0.0038 -0.6620
84.2740 -0.0088 -0.0095 1.5906 0.0073 -0.8684
84.3740 -0.0088 -0.0090 1.5101 0.0044 -0.7201
84.4740 -0.0087 -0.0085 1.4477 0.0051 -0.5659
84.5750 -0.0087 -0.0080 1.3857 0.0055 -0.6066
84.6740 -0.0086 -0.0076 1.3412 0.0037 -0.4172
84.7740 -0.0085 -0.0072 1.3027 0.0033 -0.3677
84.8740 -0.0084 -0.0069 1.2691 0.0029 -0.3182
84.9750 -0.0084 -0.0067 1.2405 0.0024 -0.2686
85.0740 -0.0083 -0.0065 1.2169 0.0020 -0.2190
85.1740 -0.0082 -0.0063 1.1983 0.0015 -0.1693
85.2740 -0.0082 -0.0062 1.1846 0.0011 -0.1196
85.3740 -0.0082 -0.0062 1.1759 0.0006 -0.0699
85.4740 -0.0081 -0.0061 1.1721 0.0002 -0.0201
85.5740 -0.0081 -0.0061 1.1717 -0.0002 0.0295
85.6740 -0.0082 -0.0062 1.1762 -0.0007 0.0793
85.7740 -0.0082 -0.0062 1.1856 -0.0011 0.1292
85.8740 -0.0082 -0.0063 1.2001 -0.0016 0.1792
85.9740 -0.0083 -0.0065 1.2196 -0.0020 0.2292
86.0740 -0.0084 -0.0067 1.2457 -0.0025 0.2793
86.1740 -0.0084 -0.0070 1.2769 -0.0029 0.3294
86.2740 -0.0085 -0.0073 1.3131 -0.0034 0.3796
86.3740 -0.0086 -0.0077 1.3543 -0.0038 0.4298
86.4750 -0.0087 -0.0081 1.4004 -0.0043 0.4800
86.5760 -0.0087 -0.0085 1.4530 -0.0052 0.5796
86.6740 -0.0088 -0.0091 1.5186 -0.0061 0.6779
86.7750 -0.0088 -0.0095 1.5724 -0.0013 0.3895
86.8740 -0.0088 -0.0096 1.6083 -0.0015 0.3718
86.9740 -0.0088 -0.0096 1.6500 0.0017 0.5362
87.0740 -0.0088 -0.0094 1.7308 0.0028 1.1423
87.1740 -0.0086 -0.0102 1.8649 -0.0128 1.4250
87.2740 -0.0082 -0.0114 2.0090 -0.0132 1.4762
87.3740 -0.0075 -0.0125 2.1580 -0.0136 1.5249
87.4740 -0.0066 -0.0136 2.3107 -0.0144 1.5751
87.5740 -0.0056 -0.0146 2.4695 -0.0146 1.6233
87.6740 -0.0044 -0.0154 2.6334 -0.0150 1.6746
87.7740 -0.0030 -0.0160 2.8024 -0.0154 1.7257
87.8740 -0.0015 -0.0164 2.9747 -0.0150 1.7209
87.9740 0.0001 -0.0165 -3.1309 -0.0163 1.8123
88.0740 0.0017 -0.0163 -2.9495 -0.0162 1.8139
88.1740 0.0032 -0.0158 -2.7681 -0.0163 1.8154
88.2740 0.0047 -0.0151 -2.5870 -0.0174 1.8030
88.3750 0.0060 -0.0141 -2.4058 -0.0163 1.8124
88.4740 0.0071 -0.0129 -2.2261 -0.0158 1.7641
88.5740 0.0079 -0.0116 -2.0511 -0.0153 1.7158
88.6740 0.0085 -0.0102 -1.8799 -0.0157 1.6958
88.7740 0.0088 -0.0086 -1.7088 -0.0154 1.7125
88.8740 0.0089 -0.0071 -1.5375 -0.0154 1.7140
88.9740 0.0087 -0.0056 -1.3676 -0.0149 1.6658
89.0740 0.0083 -0.0043 -1.2104 -0.0129 1.5058
89.1740 0.0077 -0.0031 -1.0672 -0.0123 1.3632
89.2740 0.0071 -0.0021 -0.9404 -0.0109 1.2146
89.3740 0.0065 -0.0014 -0.8372 -0.0091 1.0162
89.4740 0.0059 -0.0008 -0.7404 -0.0082 0.9175
89.5740 0.0053 -0.0003 -0.6582 -0.0069 0.7688
89.6750 0.0047 0.0001 -0.5787 -0.0056 0.5678
89.7740 0.0043 0.0003 -0.5297 -0.0042 0.4694
89.8740 0.0040 0.0005 -0.4904 -0.0032 0.3661
89.9740 0.0038 0.0007 -0.4547 -0.0017 0.3211
90.0740 0.0038 0.0010 -0.4269 -0.0010 0.2247
90.1740 0.0038 0.0013 -0.4108 -0.0008 0.0972
90.2740 0.0038 0.0013 -0.4072 -0.0000 -0.0006
90.3740 0.0038 0.0013 -0.4075 -0.0002 -0.0037
90.4740 0.0038 0.0013 -0.4077 0.0000 0.0001
90.5740 0.0038 0.0013 -0.4082 -0.0007 -0.0207
90.6740 0.0037 0.0014 -0.4147 -0.0013 -0.1250
90.7740 0.0036 0.0014 -0.4360 0.0026 -0.2789
90.8740 0.0039 0.0013 -0.4683 0.0029 -0.3269
90.9740 0.0042 0.0011 -0.5057 0.0034 -0.3767
91.0740 0.0045 0.0009 -0.5482 0.0038 -0.4269
91.1740 0.0048 0.0007 -0.5958 0.0043 -0.4771
91.2740 0.0052 0.0004 -0.6484 0.0047 -0.5274
91.3740 0.0056 0.0001 -0.7060 0.0052 -0.5778
91.4740 0.0061 -0.0002 -0.7687 0.0056 -0.6282
91.5740 0.0065 -0.0007 -0.8364 0.0061 -0.6787
91.6740 0.0069 -0.0012 -0.9092 0.0066 -0.7292
91.7750 0.0073 -0.0017 -0.9869 0.0070 -0.7787
91.8740 0.0077 -0.0024 -1.0692 0.0073 -0.8226
91.9750 0.0081 -0.0031 -1.1532 0.0079 -0.8756
92.0740 0.0084 -0.0038 -1.2453 0.0083 -0.9250
92.1740 0.0086 -0.0047 -1.3427 0.0087 -0.9757
92.2740 0.0088 -0.0056 -1.4452 0.0092 -1.0265
92.3740 0.0089 -0.0065 -1.5527 0.0097 -1.0773
92.4740 0.0088 -0.0075 -1.6654 0.0101 -1.1277
92.5740 0.0087 -0.0086 -1.7827 0.0100 -1.1711
92.6740 0.0084 -0.0095 -1.9020 0.0110 -1.2239
92.7740 0.0080 -0.0106 -2.0292 0.0114 -1.2744
92.8740 0.0074 -0.0116 -2.1615 0.0119 -1.3254
92.9740 0.0067 -0.0126 -2.2990 0.0123 -1.3766
93.0740 0.0058 -0.0135 -2.4415 0.0127 -1.4259
93.1740 0.0048 -0.0142 -2.5875 0.0134 -1.4725
93.2740 0.0036 -0.0149 -2.7394 0.0137 -1.5235
93.3740 0.0023 -0.0153 -2.8967 0.0141 -1.5747
93.4740 0.0010 -0.0156 -3.0355 0.0083 -0.9270
93.5740 0.0006 -0.0156 -3.0755 0.0000 -0.0005
93.6740 0.0006 -0.0156 -3.0756 0.0000 -0.0005
93.7740 0.0006 -0.0156 -3.0756 0.0000 -0.0005
93.8740 0.0006 -0.0156 -3.0757 0.0000 -0.0005
93.9740 0.0006 -0.0156 -3.0757 0.0000 -0.0005
94.0740 0.0006 -0.0156 -3.0757 0.0000 -0.0005
94.1740 0.0006 -0.0156 -3.0758 0.0000 -0.0005
94.2740 0.0006 -0.0156 -3.0758 0.0000 -0.0005
94.3740 0.0006 -0.0156 -3.0759 0.0000 -0.0005
94.4740 0.0006 -0.0156 -3.0759 0.0000 -0.0005
94.5740 0.0006 -0.0156 -3.0759 0.0000 -0.0005
94.6740 0.0006 -0.0156 -3.0760 0.0000 -0.0005
94.7750 0.0006 -0.0156 -3.0760 0.0000 -0.0005
94.8740 0.0006 -0.0156 -3.0761 0.0000 -0.0005
94.9750 0.0006 -0.0156 -3.0761 0.0000 -0.0005
95.0740 0.0006 -0.0156 -3.0761 0.0000 -0.0005
95.1740 0.0006 -0.0156 -3.0762 0.0000 -0.0005
95.2740 0.0006 -0.0156 -3.0762 0.0000 -0.0005
95.3740 0.0006 -0.0156 -3.0763 0.0000 -0.0005
95.4740 0.0006 -0.0156 -3.0763 0.0000 -0.0005
95.5740 0.0006 -0.0156 -3.0763 0.0000 -0.0005
95.6740 0.0006 -0.0156 -3.0764 0.0000 -0.0005
95.7740 0.0006 -0.0156 -3.0764 0.0000 -0.0005
