25.3680 -3.0000 1.0000 0.0002 0.0000 0.0000
25.3690 -3.0000 1.0000 0.0002 0.0000 0.0000
25.4690 -3.0000 1.0000 0.0002 0.0000 0.0000
25.5690 -3.0000 1.0000 0.0002 0.0000 0.0000
25.6700 -3.0000 1.0000 0.0002 0.0000 0.0000
25.7700 -3.0000 1.0000 0.0002 0.0000 0.0000
25.8700 -3.0000 1.0000 0.0002 0.0000 0.0000
25.9700 -3.0000 1.0000 0.0002 0.0000 0.0000
26.0710 -3.0000 1.0000 0.0002 0.0000 0.0000
26.1700 -3.0000 1.0000 0.0002 0.0000 0.0000
26.2690 -3.0000 1.0000 0.0002 0.0000 0.0000
26.3700 -3.0000 1.0000 0.0002 0.0000 0.0000
26.4690 -3.0000 1.0000 0.0002 0.0000 0.0000
26.5700 -3.0000 1.0000 0.0002 0.0000 0.0000
26.6700 -3.0000 1.0000 0.0002 0.0000 0.0000
26.7700 -3.0000 1.0000 0.0002 0.0000 0.0000
26.8710 -3.0000 1.0000 0.0002 0.0000 0.0000
26.9700 -3.0000 1.0000 0.0002 0.0000 0.0000
27.0700 -3.0000 1.0000 0.0002 0.0000 0.0000
27.1700 -3.0000 1.0000 0.0002 0.0000 0.0000
27.2690 -3.0000 1.0000 0.0002 0.0000 0.0000
27.3710 -3.0000 1.0000 0.0002 0.0000 0.0000
27.4710 -3.0000 1.0000 0.0002 0.0000 0.0000
27.5690 -3.0000 1.0000 0.0002 0.0000 0.0000
27.6690 -3.0000 1.0000 0.0002 0.0000 0.0000
27.7710 -3.0000 1.0000 0.0002 0.0000 0.0000
27.8700 -3.0000 1.0000 0.0002 0.0000 0.0000
27.9690 -3.0000 1.0000 0.0002 0.0000 0.0000
28.0690 -3.0000 1.0000 0.0002 0.0000 0.0000
28.1700 -3.0000 1.0000 0.0002 0.0000 0.0000
28.2690 -3.0000 1.0000 0.0002 0.0000 0.0000
28.3690 -3.0000 1.0000 0.0002 0.0000 0.0000
28.4700 -3.0000 1.0000 0.0002 0.0000 0.0000
28.5690 -3.0000 1.0000 0.0002 0.0000 0.0000
28.6690 -3.0000 1.0000 0.0002 0.0000 0.0000
28.7690 -3.0000 1.0000 0.0002 0.0000 0.0000
28.8690 -3.0000 1.0000 0.0002 0.0000 0.0000
28.9700 -3.0000 1.0000 0.0002 0.0000 0.0000
29.0690 -3.0000 1.0000 0.0002 0.0000 0.0000
29.1690 -3.0000 1.0000 0.0002 0.0000 0.0000
29.2690 -3.0000 1.0000 0.0002 0.0000 0.0000
29.3700 -3.0000 1.0000 0.0002 0.0000 0.0000
29.4700 -3.0000 1.0000 0.0002 0.0000 0.0000
29.5700 -3.0000 1.0000 0.0002 0.0000 0.0000
29.6700 -3.0000 1.0000 0.0002 0.0000 0.0000
29.7710 -3.0000 1.0000 0.0002 0.0000 0.0000
29.8700 -3.0000 1.0000 0.0002 0.0000 0.0000
29.9700 -3.0000 1.0000 0.0002 0.0000 0.0000
30.0690 -3.0000 1.0000 0.0002 0.0000 0.0000
30.1710 -3.0000 1.0000 0.0002 0.0000 0.0000
30.2700 -3.0000 1.0000 0.0002 0.0000 0.0000
30.3700 -3.0000 1.0000 0.0002 0.0000 0.0000
30.4700 -3.0000 1.0000 0.0002 0.0000 0.0000
30.5700 -3.0000 1.0000 0.0002 0.0000 0.0000
30.6700 -3.0000 1.0000 0.0002 0.0000 0.0000
30.7700 -3.0000 1.0000 0.0002 0.0000 0.0000
30.8700 -3.0000 1.0000 0.0002 0.0000 0.0000
30.9700 -3.0000 1.0000 0.0002 0.0000 0.0000
31.0700 -3.0000 1.0000 0.0002 0.0000 0.0000
31.1700 -3.0000 1.0000 0.0002 0.0000 0.0000
31.2710 -3.0000 1.0000 0.0002 0.0000 0.0000
31.3690 -3.0000 1.0000 0.0002 0.0000 0.0000
31.4700 -3.0000 1.0000 0.0002 0.0000 0.0000
31.5700 -3.0000 1.0000 0.0002 0.0000 0.0000
31.6690 -3.0000 1.0000 0.0002 0.0000 0.0000
31.7700 -3.0000 1.0000 0.0002 0.0000 0.0000
31.8690 -3.0000 1.0000 0.0003 0.0000 0.0000
31.9700 -3.0000 1.0000 0.0003 0.0000 0.0000
32.0700 -3.0000 1.0000 0.0003 0.0000 0.0000
32.1690 -3.0000 1.0000 0.0003 0.0000 0.0000
32.2700 -3.0000 1.0000 0.0003 0.0000 0.0000
32.3700 -3.0000 1.0000 0.0003 0.0000 0.0000
32.4690 -3.0000 1.0000 0.0003 0.0000 0.0000
32.5700 -3.0000 1.0000 0.0003 0.0000 0.0000
32.6710 -3.0000 1.0000 0.0003 0.0000 0.0000
32.7700 -3.0000 1.0000 0.0003 0.0000 0.0000
32.8690 -3.0000 1.0000 0.0003 0.0000 0.0000
32.9690 -3.0000 1.0000 0.0003 0.0000 0.0000
33.0690 -3.0000 1.0000 0.0003 0.0000 0.0000
33.1700 -3.0000 1.0000 0.0003 0.0000 0.0000
33.2710 -3.0000 1.0000 0.0003 0.0000 0.0000
33.3700 -3.0000 1.0000 0.0003 0.0000 0.0000
33.4700 -3.0000 1.0000 0.0003 0.0000 0.0000
33.5690 -3.0000 1.0000 0.0003 0.0000 0.0000
33.6700 -3.0000 1.0000 0.0003 0.0000 0.0000
33.7690 -3.0000 1.0000 0.0003 0.0000 0.0000
33.8690 -3.0000 1.0000 0.0003 0.0000 0.0000
33.9690 -3.0000 1.0000 0.0003 0.0000 0.0000
34.0710 -3.0000 1.0000 0.0003 0.0000 0.0000
34.1700 -3.0000 1.0000 0.0003 0.0000 0.0000
34.2700 -3.0000 1.0000 0.0003 0.0000 0.0000
34.3690 -3.0000 1.0000 0.0003 0.0000 0.0000
34.4690 -3.0000 1.0000 0.0003 0.0000 0.0000
34.5700 -3.0000 1.0000 0.0003 0.0000 0.0000
34.6700 -3.0000 1.0000 0.0003 0.0000 0.0000
34.7700 -3.0000 1.0000 0.0003 0.0000 0.0000
34.8690 -3.0000 1.0000 0.0003 0.0000 0.0000
34.9700 -3.0000 1.0000 0.0003 0.0000 0.0000
35.0690 -3.0000 1.0000 0.0003 0.0000 0.0000
35.1700 -3.0000 1.0000 0.0003 0.0000 0.0000
35.2700 -2.9997 1.0000 0.0003 0.0051 0.0000
35.3700 -2.9988 1.0000 0.0003 0.0101 0.0000
35.4700 -2.9978 1.0000 0.0003 0.0102 0.0000
35.5700 -2.9968 1.0000 0.0003 0.0102 0.0000
35.6690 -2.9958 1.0000 0.0003 0.0103 0.0000
35.7710 -2.9941 1.0000 0.0003 0.0204 0.0001
35.8700 -2.9913 1.0000 0.0003 0.0305 0.0001
35.9690 -2.9875 1.0000 0.0003 0.0407 0.0001
36.0690 -2.9825 1.0000 0.0003 0.0560 0.0001
36.1700 -2.9759 1.0000 0.0003 0.0712 0.0002
36.2700 -2.9683 1.0000 0.0003 0.0762 0.0002
36.3700 -2.9598 1.0000 -0.0037 0.0862 -0.0479
36.4690 -2.9508 0.9999 -0.0125 0.0902 -0.0897
36.5700 -2.9417 0.9998 -0.0190 0.0922 -0.0815
36.6690 -2.9320 0.9996 -0.0287 0.0991 -0.1000
36.7690 -2.9216 0.9992 -0.0387 0.1045 -0.0999
36.8700 -2.9101 0.9987 -0.0581 0.1214 -0.2512
36.9690 -2.8970 0.9977 -0.0926 0.1385 -0.4028
37.0700 -2.8827 0.9960 -0.1423 0.1452 -0.5523
37.1690 -2.8686 0.9936 -0.2042 0.1419 -0.6245
37.2690 -2.8546 0.9902 -0.2707 0.1454 -0.6928
37.3690 -2.8407 0.9858 -0.3450 0.1471 -0.7967
37.4700 -2.8270 0.9803 -0.4264 0.1483 -0.8500
37.5700 -2.8139 0.9736 -0.5121 0.1442 -0.8699
37.6700 -2.8015 0.9659 -0.6018 0.1479 -0.9409
37.7690 -2.7897 0.9570 -0.6977 0.1491 -0.9962
37.8700 -2.7787 0.9468 -0.7975 0.1495 -0.9986
37.9700 -2.7688 0.9357 -0.8879 0.1461 -0.8355
38.0700 -2.7600 0.9241 -0.9623 0.1458 -0.6918
38.1690 -2.7521 0.9119 -1.0220 0.1453 -0.5458
38.2700 -2.7448 0.8993 -1.0720 0.1450 -0.4483
38.3700 -2.7382 0.8866 -1.1073 0.1428 -0.2938
38.4700 -2.7320 0.8737 -1.1291 0.1406 -0.1884
38.5700 -2.7262 0.8612 -1.1416 0.1385 -0.1057
38.6690 -2.7210 0.8498 -1.1450 0.0967 0.0932
38.7700 -2.7172 0.8415 -1.1328 0.1150 0.0744
38.8690 -2.7114 0.8293 -1.1244 0.1391 0.0975
38.9700 -2.7053 0.8168 -1.1114 0.1394 0.1475
39.0700 -2.6990 0.8043 -1.0934 0.1396 0.1981
39.1700 -2.6925 0.7920 -1.0703 0.1391 0.2488
39.2700 -2.6857 0.7800 -1.0424 0.1381 0.2968
39.3700 -2.6786 0.7682 -1.0106 0.1358 0.3479
39.4700 -2.6712 0.7569 -0.9724 0.1356 0.4016
39.5690 -2.6633 0.7458 -0.9289 0.1356 0.4554
39.6690 -2.6549 0.7352 -0.8800 0.1356 0.5072
39.7690 -2.6461 0.7250 -0.8264 0.1338 0.5453
39.8700 -2.6368 0.7154 -0.7692 0.1337 0.5945
39.9690 -2.6269 0.7064 -0.7064 0.1339 0.6479
40.0700 -2.6164 0.6981 -0.6442 0.1344 0.3613
40.1690 -2.6091 0.6928 -0.6059 0.0507 0.3680
40.2700 -2.6070 0.6913 -0.5874 0.0015 0.0090
40.3690 -2.6070 0.6913 -0.5871 0.0005 0.0031
40.4700 -2.6069 0.6913 -0.5868 0.0005 0.0031
40.5690 -2.6069 0.6912 -0.5865 0.0005 0.0031
40.6700 -2.6068 0.6912 -0.5877 0.0008 -0.0453
40.7700 -2.6068 0.6912 -0.5938 0.0012 -0.0950
40.8700 -2.6067 0.6911 -0.6034 0.0012 -0.0955
40.9700 -2.6066 0.6910 -0.6129 0.0012 -0.0960
41.0690 -2.6065 0.6910 -0.6226 0.0012 -0.0965
41.1690 -2.6064 0.6909 -0.6338 0.0017 -0.1470
41.2700 -2.6062 0.6908 -0.6501 0.0021 -0.1977
41.3690 -2.6060 0.6906 -0.6700 0.0021 -0.1987
41.4700 -2.6059 0.6905 -0.6899 0.0021 -0.1997
41.5690 -2.6057 0.6904 -0.7099 0.0022 -0.2007
41.6710 -2.6055 0.6902 -0.7300 0.0022 -0.2017
41.7700 -2.6053 0.6901 -0.7444 0.0048 0.1178
41.8700 -2.6052 0.6899 -0.7436 0.0005 -0.0042
41.9690 -2.6052 0.6899 -0.7440 0.0005 -0.0043
42.0690 -2.6050 0.6898 -0.7444 0.0056 -0.0040
42.1700 -2.6045 0.6893 -0.7448 0.0106 -0.0040
42.2700 -2.6037 0.6885 -0.7452 0.0107 -0.0039
42.3690 -2.6029 0.6878 -0.7455 0.0107 -0.0038
42.4690 -2.6021 0.6871 -0.7459 0.0107 -0.0037
42.5700 -2.6012 0.6863 -0.7462 0.0157 -0.0035
42.6690 -2.5994 0.6845 -0.7465 0.0308 -0.0030
42.7690 -2.5964 0.6818 -0.7467 0.0458 -0.0020
42.8700 -2.5924 0.6781 -0.7466 0.0608 0.0002
42.9700 -2.5872 0.6733 -0.7460 0.0760 0.0006
43.0700 -2.5813 0.6679 -0.7422 0.0816 0.0643
43.1700 -2.5747 0.6619 -0.7348 0.0986 0.0454
43.2700 -2.5667 0.6546 -0.7356 0.1132 -0.0382
43.3710 -2.5592 0.6479 -0.7315 0.0768 0.1943
43.4700 -2.5523 0.6417 -0.7318 0.1172 -0.1267
43.5690 -2.5418 0.6321 -0.7421 0.1647 -0.0039
43.6700 -2.5289 0.6202 -0.7425 0.1807 -0.0039
43.7700 -2.5148 0.6074 -0.7426 0.1958 0.0013
43.8700 -2.4999 0.5937 -0.7393 0.2079 0.0526
43.9690 -2.4840 0.5792 -0.7403 0.2202 -0.0255
44.0700 -2.4684 0.5650 -0.7393 0.1919 0.0153
44.1700 -2.4513 0.5494 -0.7396 0.2608 -0.0038
44.2690 -2.4321 0.5318 -0.7395 0.2603 0.0064
44.3700 -2.4129 0.5143 -0.7389 0.2584 -0.0025
44.4700 -2.3938 0.4969 -0.7392 0.2595 -0.0035
44.5710 -2.3745 0.4794 -0.7395 0.2608 -0.0035
44.6700 -2.3553 0.4618 -0.7395 0.2602 0.0067
44.7700 -2.3361 0.4443 -0.7389 0.2583 -0.0030
44.8700 -2.3169 0.4269 -0.7391 0.2595 -0.0035
44.9700 -2.2977 0.4093 -0.7395 0.2608 -0.0034
45.0690 -2.2785 0.3918 -0.7394 0.2602 0.0071
45.1700 -2.2593 0.3743 -0.7388 0.2583 -0.0034
45.2700 -2.2401 0.3569 -0.7391 0.2595 -0.0035
45.3690 -2.2209 0.3393 -0.7395 0.2608 -0.0034
45.4700 -2.2016 0.3218 -0.7394 0.2601 0.0074
45.5690 -2.1825 0.3043 -0.7388 0.2582 -0.0039
45.6700 -2.1633 0.2868 -0.7391 0.2595 -0.0035
45.7690 -2.1441 0.2693 -0.7394 0.2608 -0.0033
45.8710 -2.1248 0.2517 -0.7393 0.2601 0.0078
45.9690 -2.1057 0.2343 -0.7388 0.2582 -0.0043
46.0700 -2.0865 0.2168 -0.7390 0.2595 -0.0035
46.1700 -2.0673 0.1993 -0.7394 0.2608 -0.0033
46.2690 -2.0480 0.1817 -0.7393 0.2600 0.0082
46.3690 -2.0288 0.1643 -0.7387 0.2582 -0.0046
46.4700 -2.0097 0.1468 -0.7390 0.2596 -0.0035
46.5690 -1.9905 0.1293 -0.7394 0.2608 -0.0032
46.6700 -1.9712 0.1117 -0.7393 0.2599 0.0086
46.7690 -1.9520 0.0943 -0.7387 0.2581 -0.0050
46.8700 -1.9329 0.0768 -0.7390 0.2596 -0.0035
46.9690 -1.9136 0.0593 -0.7393 0.2608 -0.0031
47.0690 -1.8944 0.0417 -0.7392 0.2599 0.0090
47.1690 -1.8752 0.0243 -0.7387 0.2581 -0.0052
47.2690 -1.8560 0.0068 -0.7389 0.2596 -0.0035
47.3700 -1.8368 -0.0107 -0.7393 0.2608 -0.0031
47.4700 -1.8175 -0.0283 -0.7392 0.2598 0.0095
47.5690 -1.7984 -0.0457 -0.7386 0.2581 -0.0053
47.6700 -1.7792 -0.0632 -0.7389 0.2596 -0.0035
47.7690 -1.7600 -0.0807 -0.7392 0.2608 -0.0030
47.8690 -1.7407 -0.0983 -0.7391 0.2597 0.0099
47.9700 -1.7215 -0.1157 -0.7386 0.2581 -0.0053
48.0690 -1.7024 -0.1332 -0.7389 0.2596 -0.0035
48.1710 -1.6831 -0.1507 -0.7392 0.2608 -0.0030
48.2690 -1.6639 -0.1683 -0.7391 0.2597 0.0103
48.3700 -1.6447 -0.1857 -0.7386 0.2581 -0.0053
48.4690 -1.6255 -0.2032 -0.7388 0.2596 -0.0035
48.5700 -1.6063 -0.2207 -0.7392 0.2608 -0.0029
48.6700 -1.5870 -0.2383 -0.7390 0.2596 0.0107
48.7700 -1.5679 -0.2557 -0.7385 0.2581 -0.0051
48.8690 -1.5487 -0.2732 -0.7388 0.2596 -0.0035
48.9700 -1.5295 -0.2907 -0.7391 0.2608 -0.0029
49.0690 -1.5102 -0.3082 -0.7390 0.2595 0.0110
49.1700 -1.4910 -0.3257 -0.7385 0.2582 -0.0048
49.2690 -1.4719 -0.3431 -0.7388 0.2597 -0.0036
49.3700 -1.4526 -0.3607 -0.7391 0.2608 -0.0028
49.4690 -1.4334 -0.3782 -0.7389 0.2595 0.0114
49.5690 -1.4142 -0.3957 -0.7385 0.2582 -0.0044
49.6710 -1.3950 -0.4131 -0.7387 0.2597 -0.0036
49.7700 -1.3758 -0.4307 -0.7391 0.2609 -0.0027
49.8700 -1.3565 -0.4482 -0.7388 0.2594 0.0117
49.9690 -1.3374 -0.4657 -0.7384 0.2583 -0.0039
50.0690 -1.3182 -0.4831 -0.7387 0.2597 -0.0036
50.1690 -1.2989 -0.5006 -0.7390 0.2609 -0.0027
50.2690 -1.2797 -0.5182 -0.7388 0.2594 0.0120
50.3690 -1.2605 -0.5356 -0.7384 0.2584 -0.0034
50.4700 -1.2413 -0.5531 -0.7387 0.2597 -0.0036
50.5690 -1.2221 -0.5706 -0.7390 0.2609 -0.0026
50.6700 -1.2028 -0.5882 -0.7387 0.2593 0.0122
50.7690 -1.1837 -0.6056 -0.7384 0.2585 -0.0028
50.8700 -1.1645 -0.6231 -0.7386 0.2597 -0.0036
50.9690 -1.1452 -0.6406 -0.7390 0.2609 -0.0025
51.0690 -1.1260 -0.6581 -0.7387 0.2593 0.0124
51.1700 -1.1068 -0.6756 -0.7383 0.2586 -0.0022
51.2690 -1.0876 -0.6930 -0.7386 0.2597 -0.0036
51.3690 -1.0684 -0.7106 -0.7389 0.2609 -0.0025
51.4710 -1.0491 -0.7281 -0.7386 0.2593 0.0126
51.5700 -1.0300 -0.7456 -0.7383 0.2587 -0.0016
51.6690 -1.0108 -0.7630 -0.7385 0.2598 -0.0036
51.7700 -0.9915 -0.7805 -0.7389 0.2609 -0.0024
51.8690 -0.9723 -0.7981 -0.7386 0.2592 0.0127
51.9690 -0.9531 -0.8155 -0.7383 0.2588 -0.0011
52.0690 -0.9339 -0.8330 -0.7385 0.2598 -0.0036
52.1690 -0.9147 -0.8505 -0.7389 0.2609 -0.0023
52.2690 -0.8954 -0.8680 -0.7385 0.2592 0.0127
52.3700 -0.8762 -0.8855 -0.7382 0.2589 -0.0007
52.4690 -0.8571 -0.9029 -0.7385 0.2598 -0.0036
52.5690 -0.8378 -0.9205 -0.7388 0.2609 -0.0022
52.6690 -0.8185 -0.9380 -0.7385 0.2592 0.0127
52.7700 -0.7994 -0.9554 -0.7382 0.2590 0.0003
52.8690 -0.7802 -0.9729 -0.7384 0.2598 -0.0036
52.9700 -0.7609 -0.9904 -0.7388 0.2609 -0.0022
53.0700 -0.7417 -1.0080 -0.7384 0.2592 0.0125
53.1700 -0.7225 -1.0254 -0.7382 0.2591 0.0006
53.2700 -0.7033 -1.0429 -0.7384 0.2598 -0.0036
53.3690 -0.6841 -1.0604 -0.7388 0.2609 -0.0021
53.4700 -0.6648 -1.0779 -0.7384 0.2592 0.0122
53.5690 -0.6456 -1.0954 -0.7381 0.2591 0.0009
53.6700 -0.6265 -1.1128 -0.7384 0.2598 -0.0036
53.7690 -0.6072 -1.1303 -0.7387 0.2609 -0.0020
53.8700 -0.5879 -1.1479 -0.7383 0.2593 0.0118
53.9690 -0.5688 -1.1652 -0.7354 0.2581 0.0451
54.0690 -0.5496 -1.1825 -0.7277 0.2591 0.0954
54.1700 -0.5301 -1.1997 -0.7180 0.2603 0.0975
54.2690 -0.5104 -1.2167 -0.7080 0.2597 0.1087
54.3700 -0.4907 -1.2334 -0.6976 0.2579 0.0981
54.4690 -0.4708 -1.2500 -0.6879 0.2592 0.0979
54.5700 -0.4506 -1.2664 -0.6780 0.2605 0.0984
54.6700 -0.4303 -1.2826 -0.6681 0.2603 0.1007
54.7700 -0.4099 -1.2985 -0.6580 0.2579 0.0993
54.8700 -0.3894 -1.3142 -0.6481 0.2592 0.1000
54.9700 -0.3686 -1.3298 -0.6380 0.2605 0.0998
55.0690 -0.3476 -1.3452 -0.6282 0.2600 0.0945
55.1710 -0.3266 -1.3603 -0.6185 0.2580 0.1013
55.2690 -0.3055 -1.3752 -0.6082 0.2591 0.1024
55.3710 -0.2841 -1.3899 -0.5981 0.2603 0.1000
55.4700 -0.2625 -1.4045 -0.5886 0.2591 0.0853
55.5690 -0.2409 -1.4187 -0.5791 0.2583 0.1011
55.6700 -0.2192 -1.4328 -0.5687 0.2591 0.1043
55.7690 -0.1973 -1.4466 -0.5584 0.2600 0.1001
55.8700 -0.1752 -1.4603 -0.5492 0.2597 0.0905
55.9700 -0.1530 -1.4737 -0.5399 0.2582 0.1039
56.0700 -0.1308 -1.4869 -0.5294 0.2591 0.1062
56.1700 -0.1083 -1.4999 -0.5190 0.2596 0.0994
56.2690 -0.0858 -1.5126 -0.5100 0.2593 0.0895
56.3690 -0.0631 -1.5252 -0.5008 0.2594 0.0981
56.4690 -0.0403 -1.5375 -0.4902 0.2590 0.1081
56.5700 -0.0174 -1.5496 -0.4798 0.2589 0.0957
56.6690 0.0056 -1.5614 -0.4709 0.2593 0.0906
56.7700 0.0288 -1.5731 -0.4616 0.2600 0.0957
56.8700 0.0521 -1.5845 -0.4511 0.2590 0.1088
56.9700 0.0754 -1.5957 -0.4409 0.2573 0.0860
57.0690 0.0989 -1.6066 -0.4317 0.2593 0.0924
57.1690 0.1225 -1.6173 -0.4223 0.2602 0.0963
57.2700 0.1463 -1.6279 -0.4120 0.2591 0.1080
57.3690 0.1700 -1.6381 -0.4020 0.2581 0.0952
57.4700 0.1939 -1.6481 -0.3925 0.2593 0.0944
57.5700 0.2179 -1.6579 -0.3830 0.2603 0.0974
57.6690 0.2421 -1.6675 -0.3729 0.2589 0.1090
57.7710 0.2662 -1.6768 -0.3627 0.2581 0.0962
57.8690 0.2904 -1.6859 -0.3531 0.2594 0.0965
57.9700 0.3149 -1.6947 -0.3434 0.2605 0.0982
58.0690 0.3395 -1.7034 -0.3333 0.2597 0.1045
58.1690 0.3639 -1.7117 -0.3233 0.2580 0.0979
58.2690 0.3885 -1.7198 -0.3135 0.2594 0.0985
58.3690 0.4132 -1.7277 -0.3036 0.2606 0.0993
58.4700 0.4381 -1.7354 -0.2938 0.2598 0.0962
58.5690 0.4629 -1.7428 -0.2841 0.2580 0.1002
58.6700 0.4878 -1.7499 -0.2740 0.2594 0.1007
58.7690 0.5128 -1.7568 -0.2640 0.2605 0.0991
58.8690 0.5380 -1.7635 -0.2578 0.2588 0.0382
58.9690 0.5630 -1.7700 -0.2558 0.2589 0.0016
59.0700 0.5881 -1.7767 -0.2604 0.2602 -0.0474
59.1700 0.6133 -1.7835 -0.2701 0.2618 -0.0998
59.2700 0.6384 -1.7906 -0.2805 0.2598 -0.1096
59.3690 0.6633 -1.7979 -0.2905 0.2594 -0.0984
59.4710 0.6882 -1.8055 -0.2987 0.2602 -0.0493
59.5690 0.7131 -1.8132 -0.3005 0.2613 -0.0004
59.6700 0.7380 -1.8209 -0.2998 0.2589 0.0285
59.7690 0.7627 -1.8285 -0.2938 0.2581 0.0999
59.8700 0.7875 -1.8358 -0.2838 0.2594 0.1002
59.9700 0.8125 -1.8430 -0.2738 0.2606 0.0989
60.0700 0.8376 -1.8499 -0.2642 0.2589 0.0884
60.1690 0.8625 -1.8565 -0.2544 0.2582 0.1017
60.2700 0.8876 -1.8629 -0.2442 0.2594 0.1024
60.3690 0.9129 -1.8691 -0.2341 0.2603 0.0984
60.4690 0.9382 -1.8750 -0.2249 0.2598 0.0905
60.5690 0.9634 -1.8806 -0.2153 0.2584 0.1022
60.6690 0.9887 -1.8860 -0.2049 0.2594 0.1044
60.7700 1.0142 -1.8912 -0.1947 0.2599 0.0977
60.8690 1.0396 -1.8961 -0.1859 0.2594 0.0883
60.9700 1.0651 -1.9008 -0.1765 0.2585 0.1036
61.0690 1.0906 -1.9052 -0.1660 0.2593 0.1064
61.1690 1.1163 -1.9093 -0.1557 0.2592 0.0943
61.2690 1.1418 -1.9132 -0.1469 0.2594 0.0900
61.3690 1.1658 -1.9167 -0.1265 0.2312 0.2817
61.4710 1.1898 -1.9195 -0.1047 0.2580 0.1156
61.5710 1.2156 -1.9221 -0.0994 0.2582 0.0357
61.6710 1.2415 -1.9247 -0.1000 0.2602 -0.0078
61.7720 1.2674 -1.9273 -0.1004 0.2600 0.0015
61.8690 1.2932 -1.9299 -0.0997 0.2600 0.0077
61.9700 1.3191 -1.9324 -0.0996 0.2584 -0.0123
62.0690 1.3449 -1.9350 -0.1004 0.2602 -0.0078
62.1700 1.3708 -1.9376 -0.1008 0.2600 0.0017
62.2690 1.3965 -1.9403 -0.1015 0.2409 -0.1189
62.3700 1.4206 -1.9430 -0.1125 0.2467 -0.0911
62.4690 1.4459 -1.9459 -0.1170 0.2602 -0.0077
62.5690 1.4717 -1.9489 -0.1174 0.2600 0.0017
62.6700 1.4975 -1.9520 -0.1167 0.2600 0.0076
62.7690 1.5233 -1.9550 -0.1166 0.2583 -0.0132
62.8700 1.5491 -1.9580 -0.1174 0.2602 -0.0077
62.9690 1.5750 -1.9611 -0.1178 0.2599 0.0023
63.0700 1.6008 -1.9641 -0.1171 0.2600 0.0075
63.1700 1.6266 -1.9671 -0.1171 0.2583 -0.0135
63.2690 1.6523 -1.9702 -0.1179 0.2602 -0.0077
63.3700 1.6782 -1.9732 -0.1182 0.2599 0.0025
63.4690 1.7040 -1.9763 -0.1176 0.2600 0.0074
63.5690 1.7298 -1.9793 -0.1175 0.2582 -0.0137
63.6700 1.7556 -1.9824 -0.1183 0.2602 -0.0076
63.7720 1.7814 -1.9855 -0.1186 0.2599 0.0027
63.8690 1.8072 -1.9885 -0.1180 0.2600 0.0073
63.9690 1.8330 -1.9916 -0.1179 0.2582 -0.0138
64.0700 1.8588 -1.9946 -0.1187 0.2602 -0.0075
64.1690 1.8846 -1.9977 -0.1190 0.2599 0.0029
64.2700 1.9104 -2.0008 -0.1184 0.2600 0.0073
64.3690 1.9362 -2.0039 -0.1184 0.2582 -0.0138
64.4700 1.9620 -2.0069 -0.1192 0.2602 -0.0075
64.5690 1.9878 -2.0100 -0.1195 0.2599 0.0031
64.6700 2.0136 -2.0131 -0.1172 0.2597 0.0568
64.7690 2.0393 -2.0161 -0.1113 0.2557 0.0694
64.8700 2.0650 -2.0188 -0.1027 0.2596 0.0912
64.9690 2.0908 -2.0214 -0.0933 0.2601 0.0981
65.0710 2.1167 -2.0237 -0.0827 0.2590 0.1071
65.1700 2.1424 -2.0257 -0.0731 0.2587 0.0948
65.2710 2.1683 -2.0274 -0.0638 0.2597 0.0928
65.3700 2.1942 -2.0290 -0.0543 0.2604 0.0976
65.4690 2.2202 -2.0302 -0.0453 0.2595 0.0581
65.5700 2.2460 -2.0313 -0.0421 0.2593 -0.0032
65.6690 2.2720 -2.0324 -0.0425 0.2604 -0.0048
65.7690 2.2980 -2.0336 -0.0428 0.2608 0.0013
65.8690 2.3240 -2.0347 -0.0423 0.2596 0.0059
65.9700 2.3499 -2.0358 -0.0425 0.2591 -0.0039
66.0690 2.3758 -2.0369 -0.0429 0.2604 -0.0048
66.1700 2.4019 -2.0380 -0.0432 0.2607 0.0014
66.2690 2.4279 -2.0391 -0.0427 0.2596 0.0058
66.3690 2.4537 -2.0402 -0.0429 0.2592 -0.0039
66.4690 2.4797 -2.0413 -0.0433 0.2604 -0.0048
66.5700 2.5057 -2.0425 -0.0436 0.2607 0.0016
66.6690 2.5317 -2.0436 -0.0430 0.2596 0.0057
66.7700 2.5576 -2.0447 -0.0433 0.2592 -0.0039
66.8700 2.5835 -2.0458 -0.0437 0.2604 -0.0048
66.9690 2.6096 -2.0470 -0.0440 0.2607 0.0017
67.0700 2.6356 -2.0481 -0.0434 0.2596 0.0056
67.1690 2.6614 -2.0492 -0.0437 0.2592 -0.0039
67.2700 2.6874 -2.0504 -0.0441 0.2605 -0.0048
67.3690 2.7134 -2.0515 -0.0443 0.2607 0.0019
67.4700 2.7394 -2.0526 -0.0438 0.2595 0.0054
67.5700 2.7653 -2.0538 -0.0440 0.2592 -0.0040
67.6700 2.7912 -2.0549 -0.0445 0.2605 -0.0048
67.7690 2.8173 -2.0561 -0.0447 0.2607 0.0020
67.8690 2.8433 -2.0572 -0.0442 0.2595 0.0053
67.9700 2.8691 -2.0584 -0.0444 0.2592 -0.0040
68.0690 2.8951 -2.0595 -0.0449 0.2605 -0.0048
68.1700 2.9211 -2.0607 -0.0451 0.2607 0.0021
68.2700 2.9471 -2.0619 -0.0446 0.2595 0.0052
68.3700 2.9730 -2.0630 -0.0448 0.2592 -0.0040
68.4700 2.9989 -2.0642 -0.0453 0.2605 -0.0048
68.5690 3.0250 -2.0654 -0.0455 0.2607 0.0023
68.6690 3.0510 -2.0666 -0.0449 0.2595 0.0050
68.7700 3.0768 -2.0677 -0.0452 0.2592 -0.0041
68.8690 3.1028 -2.0689 -0.0457 0.2605 -0.0048
68.9700 3.1288 -2.0701 -0.0459 0.2607 0.0024
69.0700 3.1548 -2.0713 -0.0453 0.2594 0.0049
69.1710 3.1807 -2.0724 -0.0456 0.2593 -0.0041
69.2700 3.2066 -2.0736 -0.0461 0.2605 -0.0048
69.3690 3.2327 -2.0748 -0.0463 0.2607 0.0025
69.4710 3.2586 -2.0760 -0.0457 0.2594 0.0047
69.5690 3.2843 -2.0772 -0.0422 0.2589 0.0438
69.6700 3.3102 -2.0781 -0.0314 0.2594 0.1443
69.7690 3.3362 -2.0788 -0.0152 0.2593 0.2019
69.8700 3.3621 -2.0789 0.0077 0.2566 0.2494
69.9690 3.3877 -2.0783 0.0355 0.2567 0.2975
70.0700 3.4134 -2.0770 0.0653 0.2581 0.2991
70.1690 3.4392 -2.0750 0.0952 0.2587 0.2959
70.2690 3.4648 -2.0721 0.1242 0.2576 0.2879
70.3720 3.4903 -2.0686 0.1569 0.2563 0.3534
70.4700 3.5155 -2.0640 0.2020 0.2559 0.5041
70.5710 3.5402 -2.0582 0.2592 0.2542 0.5911
70.6710 3.5647 -2.0512 0.3008 0.2516 0.5649
70.7700 3.5885 -2.0428 0.3812 0.2503 0.8929
70.8710 3.6116 -2.0324 0.4804 0.2550 1.0533
70.9690 3.6338 -2.0193 0.5918 0.2566 1.1531
71.0700 3.6537 -2.0042 0.7120 0.2460 1.3339
71.1700 3.6711 -1.9870 0.8547 0.2462 1.4496
71.2690 3.6858 -1.9672 1.0049 0.2462 1.5039
71.3700 3.6973 -1.9457 1.1605 0.2446 1.5980
71.4690 3.7052 -1.9226 1.3223 0.2452 1.6536
71.5700 3.7093 -1.8986 1.4822 0.2362 1.4190
71.6690 3.7098 -1.8793 1.6160 0.1590 1.1831
71.7690 3.7086 -1.8663 1.7129 0.1016 0.7579
71.8690 3.7073 -1.8590 1.7651 0.0470 0.2990
71.9690 3.7069 -1.8570 1.7719 0.0001 -0.0956
72.0690 3.7069 -1.8570 1.7608 0.0007 -0.1457
72.1700 3.7069 -1.8569 1.7446 0.0012 -0.1963
72.2690 3.7069 -1.8568 1.7249 0.0012 -0.1974
72.3690 3.7068 -1.8566 1.7051 0.0013 -0.1985
72.4700 3.7068 -1.8565 1.6852 0.0013 -0.1995
72.5700 3.7068 -1.8564 1.6620 0.0018 -0.2505
72.6690 3.7068 -1.8562 1.6336 0.0023 -0.3018
72.7700 3.7068 -1.8559 1.6034 0.0024 -0.3032
72.8690 3.7068 -1.8557 1.5730 0.0025 -0.3046
72.9700 3.7068 -1.8555 1.5457 0.0021 -0.2559
73.0700 3.7068 -1.8553 1.5233 0.0017 -0.2067
73.1700 3.7068 -1.8551 1.5026 0.0018 -0.2070
73.2690 3.7068 -1.8550 1.4851 0.0014 -0.1573
73.3700 3.7068 -1.8548 1.4725 0.0011 -0.1073
73.4690 3.7068 -1.8547 1.4618 0.0011 -0.1071
73.5700 3.7068 -1.8546 1.4526 0.0007 -0.0579
73.6690 3.7068 -1.8546 1.4482 0.0004 -0.0072
73.7710 3.7068 -1.8546 1.4475 0.0003 -0.0071
73.8700 3.7068 -1.8546 1.4513 0.0000 0.0400
73.9690 3.7068 -1.8547 1.4599 -0.0005 0.0895
74.0690 3.7068 -1.8547 1.4689 -0.0005 0.0896
74.1690 3.7068 -1.8548 1.4778 -0.0006 0.0897
74.2700 3.7068 -1.8548 1.4868 -0.0006 0.0898
74.3690 3.7068 -1.8549 1.4958 -0.0006 0.0900
74.4700 3.7068 -1.8549 1.5016 -0.0002 0.0397
74.5700 3.7068 -1.8549 1.5025 0.0000 -0.0076
74.6700 3.7068 -1.8549 1.5017 0.0000 -0.0076
74.7700 3.7068 -1.8549 1.5010 0.0000 -0.0076
74.8690 3.7068 -1.8549 1.5003 0.0000 -0.0076
74.9690 3.7068 -1.8549 1.4995 0.0001 -0.0076
75.0700 3.7068 -1.8549 1.4988 0.0001 -0.0076
75.1700 3.7068 -1.8549 1.4980 0.0001 -0.0077
75.2690 3.7068 -1.8549 1.4973 0.0001 -0.0078
75.3700 3.7068 -1.8549 1.4965 0.0001 -0.0078
75.4690 3.7068 -1.8547 1.4957 0.0051 -0.0080
75.5690 3.7069 -1.8541 1.4948 0.0101 -0.0081
75.6690 3.7070 -1.8531 1.4940 0.0101 -0.0082
75.7700 3.7070 -1.8521 1.4932 0.0101 -0.0083
75.8700 3.7071 -1.8510 1.4924 0.0101 -0.0083
75.9690 3.7072 -1.8499 1.4916 0.0151 -0.0082
76.0700 3.7074 -1.8474 1.4906 0.0301 -0.0086
76.1690 3.7077 -1.8436 1.4898 0.0402 -0.0079
76.2700 3.7081 -1.8387 1.4891 0.0552 -0.0067
76.3710 3.7086 -1.8323 1.4888 0.0707 -0.0083
76.4690 3.7093 -1.8246 1.4908 0.0792 0.0389
76.5690 3.7099 -1.8160 1.4963 0.0951 0.0339
76.6700 3.7107 -1.8053 1.4980 0.1147 0.0073
76.7700 3.7116 -1.7927 1.4988 0.1302 0.0062
76.8690 3.7126 -1.7788 1.4991 0.1454 0.0025
76.9700 3.7137 -1.7636 1.4940 0.1565 -0.0654
77.0700 3.7151 -1.7469 1.4903 0.1751 -0.0084
77.1700 3.7166 -1.7285 1.4905 0.1921 0.0175
77.2700 3.7181 -1.7087 1.4945 0.2088 0.0112
77.3700 3.7197 -1.6871 1.4951 0.2252 0.0050
77.4700 3.7215 -1.6639 1.4939 0.2359 -0.0327
77.5690 3.7234 -1.6393 1.4912 0.2551 -0.0071
77.6700 3.7255 -1.6134 1.4911 0.2596 0.0045
77.7700 3.7276 -1.5875 1.4917 0.2602 0.0060
77.8700 3.7296 -1.5616 1.4916 0.2585 -0.0150
77.9700 3.7317 -1.5357 1.4907 0.2601 -0.0070
78.0710 3.7338 -1.5098 1.4906 0.2596 0.0048
78.1690 3.7358 -1.4839 1.4913 0.2602 0.0059
78.2700 3.7379 -1.4580 1.4912 0.2584 -0.0151
78.3700 3.7400 -1.4321 1.4903 0.2601 -0.0069
78.4690 3.7421 -1.4062 1.4902 0.2596 0.0049
78.5700 3.7441 -1.3803 1.4908 0.2602 0.0058
78.6690 3.7462 -1.3544 1.4907 0.2585 -0.0151
78.7710 3.7483 -1.3285 1.4898 0.2601 -0.0068
78.8690 3.7504 -1.3026 1.4897 0.2596 0.0049
78.9700 3.7525 -1.2767 1.4904 0.2602 0.0058
79.0690 3.7546 -1.2508 1.4902 0.2585 -0.0150
79.1700 3.7567 -1.2249 1.4894 0.2601 -0.0067
79.2690 3.7588 -1.1990 1.4893 0.2596 0.0050
79.3700 3.7609 -1.1731 1.4899 0.2602 0.0057
79.4700 3.7630 -1.1472 1.4898 0.2585 -0.0149
79.5700 3.7651 -1.1213 1.4889 0.2601 -0.0066
79.6690 3.7672 -1.0954 1.4888 0.2596 0.0051
79.7700 3.7694 -1.0695 1.4895 0.2602 0.0056
79.8700 3.7715 -1.0436 1.4893 0.2586 -0.0145
79.9700 3.7736 -1.0177 1.4884 0.2601 -0.0065
80.0700 3.7757 -0.9918 1.4884 0.2596 0.0051
80.1690 3.7779 -0.9659 1.4890 0.2602 0.0055
80.2700 3.7800 -0.9400 1.4888 0.2586 -0.0145
80.3690 3.7821 -0.9141 1.4880 0.2601 -0.0064
80.4700 3.7843 -0.8882 1.4879 0.2596 0.0052
80.5700 3.7864 -0.8623 1.4886 0.2602 0.0054
80.6710 3.7885 -0.8364 1.4883 0.2586 -0.0142
80.7720 3.7907 -0.8105 1.4875 0.2601 -0.0063
80.8690 3.7928 -0.7846 1.4875 0.2596 0.0053
80.9690 3.7950 -0.7587 1.4881 0.2602 0.0053
81.0690 3.7971 -0.7328 1.4879 0.2587 -0.0137
81.1700 3.7993 -0.7069 1.4870 0.2601 -0.0062
81.2690 3.8015 -0.6810 1.4870 0.2596 0.0053
81.3690 3.8036 -0.6551 1.4877 0.2602 0.0052
81.4700 3.8058 -0.6292 1.4874 0.2588 -0.0133
81.5690 3.8080 -0.6033 1.4866 0.2601 -0.0061
81.6710 3.8102 -0.5774 1.4866 0.2596 0.0054
81.7690 3.8123 -0.5515 1.4872 0.2602 0.0051
81.8690 3.8145 -0.5256 1.4869 0.2588 -0.0132
81.9700 3.8167 -0.4997 1.4861 0.2601 -0.0060
82.0700 3.8189 -0.4738 1.4861 0.2596 0.0055
82.1700 3.8211 -0.4479 1.4868 0.2602 0.0050
82.2700 3.8232 -0.4221 1.4865 0.2588 -0.0134
82.3690 3.8254 -0.3962 1.4857 0.2601 -0.0059
82.4690 3.8276 -0.3703 1.4857 0.2596 0.0056
82.5690 3.8298 -0.3444 1.4863 0.2602 0.0049
82.6700 3.8320 -0.3185 1.4860 0.2589 -0.0126
82.7700 3.8342 -0.2926 1.4852 0.2601 -0.0058
82.8690 3.8365 -0.2667 1.4852 0.2596 0.0056
82.9700 3.8387 -0.2408 1.4859 0.2602 0.0048
83.0690 3.8409 -0.2149 1.4855 0.2589 -0.0132
83.1700 3.8431 -0.1890 1.4847 0.2601 -0.0056
83.2700 3.8453 -0.1631 1.4848 0.2596 0.0057
83.3690 3.8476 -0.1372 1.4854 0.2602 0.0047
83.4700 3.8498 -0.1114 1.4851 0.2591 -0.0120
83.5690 3.8520 -0.0855 1.4843 0.2601 -0.0055
83.6700 3.8541 -0.0600 1.4962 0.2342 0.0334
83.7690 3.8556 -0.0398 1.4810 0.1716 -0.3183
83.8690 3.8572 -0.0259 1.4326 0.1090 -0.6465
83.9690 3.8587 -0.0166 1.3716 0.0820 -0.5347
84.0690 3.8603 -0.0098 1.3259 0.0585 -0.3810
84.1700 3.8615 -0.0053 1.2956 0.0350 -0.2278
84.2690 3.8621 -0.0030 1.2805 0.0117 -0.0752
84.3700 3.8622 -0.0027 1.2786 0.0005 -0.0018
84.4690 3.8622 -0.0027 1.2784 0.0005 -0.0018
84.5700 3.8622 -0.0026 1.2782 0.0005 -0.0018
84.6700 3.8622 -0.0026 1.2780 0.0005 -0.0018
84.7700 3.8623 -0.0025 1.2779 0.0005 -0.0017
84.8700 3.8623 -0.0025 1.2777 0.0005 -0.0017
84.9690 3.8623 -0.0024 1.2775 0.0005 -0.0017
85.0700 3.8623 -0.0024 1.2774 0.0005 -0.0017
85.1690 3.8623 -0.0023 1.2772 0.0005 -0.0016
85.2760 3.8623 -0.0023 1.2770 0.0005 -0.0016
85.3700 3.8623 -0.0023 1.2769 0.0005 -0.0016
85.4690 3.8624 -0.0022 1.2767 0.0005 -0.0016
85.5690 3.8624 -0.0022 1.2766 0.0005 -0.0016
85.6690 3.8624 -0.0021 1.2764 0.0005 -0.0015
85.7700 3.8624 -0.0021 1.2763 0.0005 -0.0015
85.8700 3.8624 -0.0020 1.2761 0.0005 -0.0015
85.9700 3.8624 -0.0020 1.2760 0.0005 -0.0015
86.0690 3.8624 -0.0019 1.2758 0.0005 -0.0015
86.1700 3.8625 -0.0019 1.2757 0.0005 -0.0014
86.2730 3.8625 -0.0018 1.2756 0.0005 -0.0014
86.3720 3.8625 -0.0018 1.2754 0.0005 -0.0014
86.4700 3.8625 -0.0017 1.2753 0.0005 -0.0014
86.5710 3.8625 -0.0017 1.2752 0.0005 -0.0013
86.6700 3.8625 -0.0017 1.2750 0.0005 -0.0013
86.7700 3.8625 -0.0016 1.2749 0.0005 -0.0013
86.8700 3.8626 -0.0016 1.2748 0.0005 -0.0013
86.9700 3.8626 -0.0015 1.2746 0.0005 -0.0013
87.0690 3.8626 -0.0015 1.2745 0.0005 -0.0012
87.1700 3.8626 -0.0014 1.2744 0.0005 -0.0012
87.2690 3.8626 -0.0014 1.2743 0.0005 -0.0012
87.3700 3.8626 -0.0013 1.2742 0.0005 -0.0012
87.4690 3.8626 -0.0013 1.2741 0.0005 -0.0011
87.5690 3.8627 -0.0013 1.2740 0.0005 -0.0011
87.6700 3.8627 -0.0012 1.2739 0.0005 -0.0011
87.7690 3.8627 -0.0012 1.2737 0.0005 -0.0011
87.8700 3.8627 -0.0011 1.2736 0.0005 -0.0010
87.9690 3.8627 -0.0011 1.2735 0.0005 -0.0010
88.0700 3.8627 -0.0010 1.2734 0.0005 -0.0010
88.1700 3.8627 -0.0010 1.2734 0.0005 -0.0010
88.2690 3.8627 -0.0010 1.2733 0.0005 -0.0010
88.3700 3.8628 -0.0009 1.2732 0.0005 -0.0009
88.4690 3.8628 -0.0009 1.2731 0.0005 -0.0009
88.5700 3.8628 -0.0008 1.2730 0.0005 -0.0009
88.6690 3.8628 -0.0008 1.2729 0.0005 -0.0009
88.7690 3.8628 -0.0007 1.2728 0.0005 -0.0009
88.8690 3.8628 -0.0007 1.2727 0.0004 -0.0009
88.9700 3.8628 -0.0007 1.2726 0.0004 -0.0009
89.0690 3.8628 -0.0006 1.2725 0.0004 -0.0009
89.1690 3.8629 -0.0006 1.2724 0.0004 -0.0009
89.2700 3.8629 -0.0005 1.2723 0.0004 -0.0009
89.3700 3.8629 -0.0005 1.2722 0.0004 -0.0009
89.4700 3.8629 -0.0004 1.2722 0.0004 -0.0009
89.5700 3.8629 -0.0004 1.2721 0.0004 -0.0009
89.6690 3.8629 -0.0004 1.2720 0.0004 -0.0009
89.7690 3.8629 -0.0003 1.2719 0.0004 -0.0009
89.8690 3.8629 -0.0003 1.2718 0.0004 -0.0009
89.9690 3.8630 -0.0002 1.2717 0.0004 -0.0009
90.0700 3.8630 -0.0002 1.2716 0.0004 -0.0009
90.1700 3.8630 -0.0002 1.2715 0.0004 -0.0009
90.2700 3.8630 -0.0001 1.2714 0.0004 -0.0009
90.3700 3.8630 -0.0001 1.2714 0.0004 -0.0009
90.4700 3.8630 -0.0000 1.2713 0.0004 -0.0009
90.5690 3.8630 -0.0000 1.2712 0.0004 -0.0009
90.6690 3.8630 0.0000 1.2711 0.0004 -0.0009
90.7690 3.8631 0.0001 1.2710 0.0004 -0.0009
90.8700 3.8631 0.0001 1.2709 0.0004 -0.0009
90.9690 3.8631 0.0002 1.2708 0.0004 -0.0009
91.0700 3.8631 0.0002 1.2707 0.0004 -0.0009
91.1700 3.8631 0.0002 1.2707 0.0004 -0.0009
91.2690 3.8631 0.0003 1.2706 0.0004 -0.0009
91.3690 3.8631 0.0003 1.2705 0.0004 -0.0008
91.4690 3.8631 0.0003 1.2704 0.0004 -0.0008
91.5700 3.8632 0.0004 1.2703 0.0004 -0.0008
91.6700 3.8632 0.0004 1.2702 0.0004 -0.0008
91.7690 3.8632 0.0005 1.2702 0.0004 -0.0008
91.8700 3.8632 0.0005 1.2701 0.0004 -0.0008
91.9700 3.8632 0.0005 1.2700 0.0004 -0.0008
92.0690 3.8632 0.0006 1.2699 0.0004 -0.0008
92.1690 3.8632 0.0006 1.2698 0.0004 -0.0008
92.2700 3.8632 0.0006 1.2697 0.0004 -0.0008
92.3690 3.8632 0.0007 1.2697 0.0004 -0.0008
92.4690 3.8633 0.0007 1.2696 0.0004 -0.0008
92.5690 3.8633 0.0008 1.2695 0.0004 -0.0008
92.6700 3.8633 0.0008 1.2694 0.0004 -0.0008
92.7690 3.8633 0.0008 1.2693 0.0004 -0.0008
92.8700 3.8633 0.0009 1.2693 0.0004 -0.0008
92.9690 3.8633 0.0009 1.2692 0.0004 -0.0008
93.0700 3.8633 0.0009 1.2691 0.0004 -0.0007
93.1690 3.8633 0.0010 1.2690 0.0004 -0.0007
93.2700 3.8633 0.0010 1.2690 0.0004 -0.0007
93.3700 3.8634 0.0010 1.2689 0.0004 -0.0007
93.4690 3.8634 0.0011 1.2688 0.0004 -0.0007
93.5700 3.8634 0.0011 1.2688 0.0004 -0.0007
93.6690 3.8634 0.0011 1.2687 0.0004 -0.0006
93.7700 3.8634 0.0012 1.2686 0.0004 -0.0006
93.8690 3.8634 0.0012 1.2686 0.0004 -0.0006
93.9700 3.8634 0.0012 1.2685 0.0004 -0.0006
94.0700 3.8634 0.0013 1.2685 0.0004 -0.0006
94.1700 3.8634 0.0013 1.2684 0.0004 -0.0005
94.2690 3.8635 0.0014 1.2684 0.0004 -0.0005
94.3700 3.8635 0.0014 1.2683 0.0004 -0.0005
94.4690 3.8635 0.0014 1.2683 0.0004 -0.0005
94.5700 3.8635 0.0015 1.2682 0.0004 -0.0005
94.6700 3.8635 0.0015 1.2682 0.0004 -0.0004
94.7700 3.8635 0.0015 1.2681 0.0004 -0.0004
94.8700 3.8635 0.0016 1.2681 0.0004 -0.0004
94.9700 3.8635 0.0016 1.2680 0.0004 -0.0004
95.0690 3.8635 0.0016 1.2680 0.0004 -0.0004
95.1700 3.8635 0.0017 1.2680 0.0004 -0.0004
95.2700 3.8636 0.0017 1.2679 0.0004 -0.0003
95.3690 3.8636 0.0017 1.2679 0.0004 -0.0003
95.4700 3.8636 0.0018 1.2679 0.0004 -0.0003
95.5690 3.8636 0.0018 1.2678 0.0003 -0.0003
95.6700 3.8636 0.0018 1.2678 0.0003 -0.0003
95.7690 3.8636 0.0019 1.2678 0.0003 -0.0003
95.8700 3.8636 0.0019 1.2678 0.0003 -0.0002
95.9700 3.8636 0.0019 1.2677 0.0003 -0.0002
96.0710 3.8636 0.0019 1.2677 0.0003 -0.0002
96.1690 3.8636 0.0020 1.2677 0.0003 -0.0002
96.2700 3.8637 0.0020 1.2677 0.0003 -0.0002
96.3700 3.8637 0.0020 1.2677 0.0003 -0.0002
96.4690 3.8637 0.0021 1.2677 0.0003 -0.0001
96.5700 3.8637 0.0021 1.2676 0.0003 -0.0001
96.6690 3.8637 0.0021 1.2676 0.0003 -0.0001
96.7690 3.8637 0.0022 1.2676 0.0003 -0.0001
96.8690 3.8637 0.0022 1.2676 0.0003 -0.0001
96.9690 3.8637 0.0022 1.2676 0.0003 -0.0001
97.0690 3.8637 0.0023 1.2676 0.0003 -0.0000
97.1700 3.8637 0.0023 1.2676 0.0003 -0.0000
97.2690 3.8638 0.0023 1.2676 0.0003 -0.0000
97.3700 3.8638 0.0024 1.2676 0.0003 -0.0000
97.4700 3.8638 0.0024 1.2676 0.0003 0.0000
97.5690 3.8638 0.0024 1.2676 0.0003 0.0000
97.6700 3.8638 0.0025 1.2676 0.0003 0.0000
97.7700 3.8638 0.0025 1.2676 0.0003 0.0001
97.8700 3.8638 0.0025 1.2676 0.0003 0.0001
97.9690 3.8638 0.0025 1.2676 0.0003 0.0001
98.0710 3.8638 0.0026 1.2676 0.0003 0.0001
98.1690 3.8638 0.0026 1.2676 0.0003 0.0001
98.2700 3.8639 0.0026 1.2676 0.0003 0.0001
98.3700 3.8639 0.0027 1.2677 0.0003 0.0001
98.4700 3.8639 0.0027 1.2677 0.0003 0.0002
98.5700 3.8639 0.0027 1.2677 0.0003 0.0002
98.6690 3.8639 0.0028 1.2677 0.0003 0.0002
98.7690 3.8639 0.0028 1.2677 0.0003 0.0002
98.8690 3.8639 0.0028 1.2678 0.0003 0.0002
98.9690 3.8639 0.0029 1.2678 0.0003 0.0002
99.0700 3.8639 0.0029 1.2678 0.0003 0.0002
99.1700 3.8639 0.0029 1.2678 0.0003 0.0003
99.2690 3.8639 0.0030 1.2678 0.0003 0.0003
99.3690 3.8640 0.0030 1.2679 0.0003 0.0003
99.4690 3.8640 0.0030 1.2679 0.0003 0.0003
99.5700 3.8640 0.0030 1.2679 0.0003 0.0003
99.6690 3.8640 0.0031 1.2680 0.0003 0.0003
99.7690 3.8640 0.0031 1.2680 0.0003 0.0004
99.8690 3.8640 0.0031 1.2680 0.0003 0.0004
99.9700 3.8640 0.0032 1.2681 0.0003 0.0004
100.0690 3.8640 0.0032 1.2681 0.0003 0.0004
100.1690 3.8640 0.0032 1.2682 0.0003 0.0004
100.2690 3.8640 0.0033 1.2682 0.0003 0.0004
100.3710 3.8641 0.0033 1.2682 0.0003 0.0004
100.4700 3.8641 0.0033 1.2683 0.0003 0.0004
100.5700 3.8641 0.0033 1.2683 0.0003 0.0005
100.6690 3.8641 0.0034 1.2684 0.0003 0.0005
100.7690 3.8641 0.0034 1.2684 0.0003 0.0005
100.8700 3.8641 0.0034 1.2685 0.0003 0.0005
100.9690 3.8641 0.0035 1.2685 0.0003 0.0005
101.0700 3.8641 0.0035 1.2686 0.0003 0.0005
101.1690 3.8641 0.0035 1.2686 0.0003 0.0005
101.2700 3.8641 0.0036 1.2687 0.0003 0.0006
101.3700 3.8641 0.0036 1.2687 0.0003 0.0006
101.4720 3.8642 0.0036 1.2688 0.0003 0.0006
101.5730 3.8642 0.0036 1.2688 0.0003 0.0006
101.6710 3.8642 0.0039 1.2708 0.0032 0.0308
101.7690 3.8644 0.0043 1.2758 0.0060 0.0599
101.8700 3.8645 0.0048 1.2822 0.0046 0.0695
101.9700 3.8646 0.0052 1.2900 0.0021 0.0863
102.0710 3.8647 0.0053 1.3006 0.0020 0.1338
102.1740 3.8647 0.0055 1.3187 0.0006 0.2384
102.2690 3.8650 0.0065 1.3522 0.0217 0.4793
102.3700 3.8653 0.0082 1.4087 0.0128 0.5595
102.4690 3.8654 0.0089 1.4651 0.0025 0.5374
102.5690 3.8654 0.0085 1.5193 -0.0049 0.5396
102.6690 3.8654 0.0079 1.5780 -0.0056 0.5907
102.7700 3.8654 0.0073 1.6420 -0.0061 0.6436
102.8690 3.8655 0.0067 1.7113 -0.0066 0.6970
102.9690 3.8656 0.0060 1.7812 -0.0066 0.7005
103.0700 3.8658 0.0054 1.8465 -0.0060 0.6526
103.1700 3.8659 0.0049 1.9069 -0.0051 0.6031
103.2690 3.8661 0.0045 1.9641 -0.0043 0.5526
103.3700 3.8663 0.0041 2.0166 -0.0023 0.4924
103.4700 3.8664 0.0038 2.0615 -0.0027 0.4468
103.5690 3.8665 0.0036 2.1013 -0.0024 0.3946
103.6690 3.8667 0.0034 2.1406 -0.0032 0.3879
103.7700 3.8670 0.0030 2.1780 -0.0061 0.3680
103.8700 3.8672 0.0026 2.2160 -0.0034 0.3896
103.9700 3.8674 0.0024 2.2453 -0.0022 0.2411
104.0700 3.8676 0.0022 2.2681 -0.0031 0.3626
104.1700 3.8658 0.0042 2.2949 0.0265 0.1317
104.2730 3.8653 0.0049 2.2870 0.0010 -0.1535
104.3700 3.8646 0.0057 2.2768 0.0379 -0.0226
104.4710 3.8616 0.0092 2.2659 0.0259 -0.2946
104.5700 3.8588 0.0126 2.2383 0.0382 -0.4176
104.6710 3.8576 0.0142 2.1731 0.0067 -0.8035
104.7700 3.8572 0.0148 2.0925 0.0121 -0.7279
104.8700 3.8564 0.0163 2.0212 0.0183 -0.8181
104.9700 3.8553 0.0187 1.9278 0.0306 -1.0397
105.0690 3.8547 0.0206 1.8141 0.0116 -1.2386
105.1700 3.8545 0.0218 1.6884 0.0120 -1.2947
105.2690 3.8544 0.0231 1.5815 0.0164 -0.6341
105.3700 3.8544 0.0245 1.5592 0.0006 -0.0036
105.4690 3.8544 0.0245 1.5588 0.0006 -0.0038
105.5700 3.8544 0.0246 1.5585 0.0007 -0.0038
105.6700 3.8544 0.0247 1.5581 0.0007 -0.0038
105.7690 3.8544 0.0247 1.5577 0.0007 -0.0038
105.8690 3.8544 0.0253 1.5574 0.0057 -0.0037
105.9700 3.8544 0.0263 1.5570 0.0107 -0.0036
106.0700 3.8544 0.0274 1.5567 0.0107 -0.0034
106.1690 3.8544 0.0285 1.5564 0.0108 -0.0032
106.2700 3.8545 0.0296 1.5561 0.0108 -0.0030
106.3700 3.8545 0.0314 1.5558 0.0208 -0.0026
106.4700 3.8545 0.0349 1.5557 0.0409 -0.0022
106.5700 3.8546 0.0400 1.5557 0.0559 -0.0008
106.6700 3.8547 0.0461 1.5564 0.0694 0.0113
106.7710 3.8548 0.0537 1.5597 0.0789 0.0494
106.8700 3.8549 0.0621 1.5648 0.0920 0.0258
106.9720 3.8549 0.0724 1.5656 0.1087 0.0003
107.0700 3.8550 0.0838 1.5628 0.1203 -0.0254
107.1700 3.8551 0.0970 1.5615 0.1393 -0.0037
107.2700 3.8553 0.1119 1.5610 0.1550 -0.0042
107.3700 3.8554 0.1283 1.5605 0.1658 -0.0040
107.4700 3.8556 0.1463 1.5605 0.1860 0.0003
107.5700 3.8558 0.1655 1.5629 0.1980 0.0181
107.6700 3.8560 0.1862 1.5622 0.2113 -0.0183
107.7690 3.8562 0.2084 1.5611 0.2296 -0.0041
107.8700 3.8564 0.2324 1.5606 0.2458 -0.0038
107.9690 3.8567 0.2579 1.5610 0.2593 0.0132
108.0700 3.8569 0.2838 1.5616 0.2582 -0.0046
108.1700 3.8571 0.3097 1.5612 0.2595 -0.0040
108.2700 3.8574 0.3357 1.5608 0.2608 -0.0038
108.3690 3.8576 0.3618 1.5608 0.2606 0.0037
108.4700 3.8579 0.3878 1.5612 0.2581 -0.0054
108.5700 3.8581 0.4137 1.5609 0.2596 -0.0041
108.6700 3.8584 0.4397 1.5604 0.2608 -0.0037
108.7690 3.8587 0.4658 1.5604 0.2606 0.0038
108.8690 3.8589 0.4917 1.5609 0.2580 -0.0059
108.9690 3.8592 0.5176 1.5605 0.2596 -0.0041
109.0690 3.8595 0.5437 1.5601 0.2608 -0.0037
109.1690 3.8597 0.5697 1.5601 0.2606 0.0039
109.2700 3.8600 0.5957 1.5605 0.2580 -0.0065
109.3690 3.8603 0.6216 1.5601 0.2596 -0.0041
109.4700 3.8606 0.6476 1.5597 0.2608 -0.0036
109.5690 3.8609 0.6737 1.5597 0.2605 0.0040
109.6690 3.8611 0.6996 1.5601 0.2579 -0.0069
109.7700 3.8614 0.7255 1.5597 0.2596 -0.0041
109.8690 3.8617 0.7516 1.5593 0.2608 -0.0036
109.9690 3.8620 0.7776 1.5593 0.2605 0.0041
110.0700 3.8623 0.8036 1.5597 0.2579 -0.0074
110.1700 3.8626 0.8295 1.5593 0.2596 -0.0041
110.2690 3.8629 0.8555 1.5589 0.2608 -0.0035
110.3700 3.8632 0.8816 1.5590 0.2605 0.0043
110.4690 3.8635 0.9075 1.5593 0.2578 -0.0078
110.5690 3.8638 0.9334 1.5590 0.2596 -0.0041
110.6700 3.8641 0.9595 1.5585 0.2608 -0.0034
110.7700 3.8644 0.9855 1.5586 0.2605 0.0044
110.8700 3.8647 1.0115 1.5589 0.2578 -0.0080
110.9690 3.8650 1.0374 1.5586 0.2596 -0.0041
111.0690 3.8654 1.0634 1.5582 0.2608 -0.0034
111.1700 3.8657 1.0895 1.5582 0.2604 0.0046
111.2710 3.8660 1.1154 1.5586 0.2578 -0.0082
111.3690 3.8663 1.1413 1.5582 0.2597 -0.0041
111.4700 3.8667 1.1674 1.5578 0.2608 -0.0033
111.5700 3.8670 1.1934 1.5579 0.2604 0.0047
111.6690 3.8673 1.2194 1.5582 0.2578 -0.0082
111.7700 3.8677 1.2453 1.5578 0.2597 -0.0041
111.8690 3.8680 1.2713 1.5574 0.2608 -0.0032
111.9700 3.8683 1.2974 1.5575 0.2604 0.0050
112.0690 3.8687 1.3233 1.5578 0.2578 -0.0081
112.1700 3.8690 1.3492 1.5574 0.2597 -0.0041
112.2690 3.8694 1.3753 1.5570 0.2609 -0.0032
112.3710 3.8697 1.4013 1.5602 0.2601 0.0561
112.4690 3.8699 1.4272 1.5686 0.2574 0.0919
112.5690 3.8698 1.4531 1.5781 0.2590 0.0950
112.6690 3.8695 1.4790 1.5877 0.2603 0.0964
112.7690 3.8689 1.5051 1.5975 0.2605 0.0994
112.8690 3.8681 1.5309 1.6087 0.2570 0.1455
112.9700 3.8671 1.5533 1.6297 0.1903 0.2667
113.0710 3.8659 1.5722 1.6289 0.1956 0.0018
113.1700 3.8645 1.5933 1.6473 0.2088 0.1396
113.2700 3.8629 1.6124 1.6697 0.1933 0.3446
113.3700 3.8607 1.6313 1.7028 0.1915 0.3693
113.4690 3.8574 1.6519 1.7618 0.2296 0.8034
113.5700 3.8516 1.6757 1.8568 0.2502 1.0008
113.6690 3.8434 1.6993 1.9594 0.2499 1.0469
113.7700 3.8327 1.7219 2.0659 0.2508 1.1019
113.8700 3.8197 1.7432 2.1769 0.2494 1.1411
113.9690 3.8043 1.7629 2.2926 0.2502 1.1945
114.0700 3.7867 1.7807 2.4102 0.2492 1.1158
114.1690 3.7689 1.7949 2.5374 0.2048 1.3825
114.2700 3.7529 1.8045 2.6735 0.1760 1.2885
114.3690 3.7378 1.8111 2.7942 0.1539 1.1247
114.4700 3.7241 1.8153 2.8983 0.1315 0.9596
114.5690 3.7122 1.8177 2.9839 0.1122 0.7638
114.6700 3.7019 1.8190 3.0503 0.0943 0.5781
114.7690 3.6935 1.8196 3.1011 0.0759 0.4420
114.8700 3.6867 1.8197 3.1393 0.0600 0.3247
114.9690 3.6814 1.8197 -3.1166 0.0468 0.2269
115.0700 3.6770 1.8195 -3.1009 0.0425 0.0868
115.1700 3.6728 1.8193 -3.0970 0.0434 -0.0034
115.2690 3.6682 1.8191 -3.1044 0.0454 -0.1256
115.3700 3.6642 1.8190 -3.1221 0.0328 -0.2399
115.4700 3.6618 1.8190 3.1281 0.0148 -0.4461
115.5700 3.6605 1.8190 3.0772 0.0146 -0.5379
115.6690 3.6591 1.8191 3.0204 0.0150 -0.5889
115.7700 3.6571 1.8194 2.9615 0.0250 -0.5916
115.8700 3.6537 1.8202 2.9023 0.0402 -0.5947
115.9690 3.6489 1.8215 2.8428 0.0555 -0.5977
116.0720 3.6428 1.8236 2.7830 0.0708 -0.6006
116.1700 3.6354 1.8266 2.7233 0.0859 -0.6013
116.2700 3.6270 1.8306 2.6686 0.0945 -0.5131
116.3700 3.6182 1.8354 2.6187 0.1035 -0.4920
116.4690 3.6091 1.8409 2.5694 0.1090 -0.4947
116.5700 3.5998 1.8473 2.5198 0.1146 -0.4976
116.6690 3.5904 1.8544 2.4699 0.1202 -0.5000
116.7700 3.5808 1.8624 2.4215 0.1298 -0.4486
116.8700 3.5708 1.8715 2.3871 0.1410 -0.2820
116.9700 3.5600 1.8819 2.3673 0.1562 -0.1399
117.0700 3.5486 1.8931 2.3606 0.1582 -0.0293
117.1690 3.5372 1.9044 2.3664 0.1686 0.1428
117.2710 3.5250 1.9161 2.3902 0.1678 0.2927
117.3690 3.5152 1.9250 2.4229 0.1211 0.5057
117.4700 3.5034 1.9348 2.4775 0.1666 0.5483
117.5740 3.4901 1.9446 2.5353 0.1647 0.5874
117.6700 3.4763 1.9536 2.5972 0.1635 0.6454
117.7690 3.4620 1.9616 2.6650 0.1623 0.7102
117.8700 3.4472 1.9686 2.7403 0.1625 0.8080
117.9690 3.4321 1.9743 2.8214 0.1597 0.8396
118.0700 3.4166 1.9787 2.9077 0.1610 0.8994
118.1690 3.4008 1.9817 3.0027 0.1613 0.9550
118.2690 3.3848 1.9831 3.1030 0.1602 0.9998
118.3700 3.3689 1.9830 -3.0882 0.1523 1.0422
118.4700 3.3533 1.9813 -2.9743 0.1594 1.1517
118.5700 3.3377 1.9777 -2.8540 0.1590 1.2026
118.6690 3.3229 1.9724 -2.7345 0.1581 1.1945
118.7690 3.3087 1.9653 -2.6197 0.1594 1.1506
118.8700 3.2952 1.9565 -2.5092 0.1602 1.1030
118.9690 3.2829 1.9464 -2.3996 0.1589 1.0940
119.0700 3.2718 1.9351 -2.2899 0.1599 1.0991
119.1700 3.2619 1.9224 -2.1813 0.1608 1.0535
119.2700 3.2533 1.9088 -2.0855 0.1604 0.8899
119.3690 3.2459 1.8943 -2.0057 0.1629 0.7469
119.4690 3.2395 1.8792 -1.9390 0.1648 0.6504
119.5690 3.2340 1.8636 -1.8772 0.1654 0.5980
119.6690 3.2295 1.8477 -1.8210 0.1651 0.5392
119.7700 3.2258 1.8316 -1.7703 0.1661 0.4908
119.8700 3.2233 1.8170 -1.7034 0.1127 0.6333
119.9700 3.2225 1.8095 -1.6537 0.0437 0.3080
120.0690 3.2223 1.8079 -1.6431 0.0008 -0.0029
120.1690 3.2223 1.8078 -1.6433 0.0008 -0.0029
120.2700 3.2223 1.8078 -1.6436 0.0008 -0.0029
120.3690 3.2223 1.8077 -1.6439 0.0008 -0.0029
120.4700 3.2223 1.8076 -1.6458 0.0010 -0.0523
120.5690 3.2223 1.8075 -1.6526 0.0014 -0.1019
120.6700 3.2223 1.8073 -1.6628 0.0014 -0.1022
120.7690 3.2223 1.8072 -1.6730 0.0014 -0.1025
120.8700 3.2223 1.8071 -1.6833 0.0013 -0.1027
120.9700 3.2223 1.8069 -1.6951 0.0017 -0.1526
121.0690 3.2222 1.8067 -1.7198 0.0030 -0.3030
121.1700 3.2222 1.8064 -1.7579 0.0035 -0.4016
121.2710 3.2222 1.8063 -1.8054 -0.0012 -0.5141
121.3700 3.2224 1.8071 -1.8621 -0.0082 -0.6117
121.4710 3.2225 1.8074 -1.9338 0.0052 -0.7930
121.5690 3.2223 1.8068 -2.0179 0.0068 -0.8425
121.6700 3.2218 1.8060 -2.1057 0.0082 -0.8899
121.7700 3.2213 1.8052 -2.1995 0.0091 -0.9420
121.8700 3.2208 1.8045 -2.2987 0.0097 -0.9965
121.9710 3.2201 1.8038 -2.4033 0.0098 -1.0494
122.0700 3.2193 1.8031 -2.5130 0.0090 -1.0966
122.1700 3.2188 1.8028 -2.6257 0.0084 -1.1427
122.2700 3.2180 1.8024 -2.7446 0.0107 -1.1861
122.3700 3.2168 1.8019 -2.8669 0.0118 -1.2388
122.4690 3.2156 1.8017 -2.9958 0.0123 -1.2944
122.5700 3.2143 1.8015 -3.1303 0.0123 -1.3480
122.6690 3.2130 1.8016 3.0170 0.0228 -1.1976
122.7710 3.2089 1.8024 2.9294 0.0600 -0.5591
122.8690 3.2027 1.8038 2.8867 0.0586 -0.3829
122.9700 3.1976 1.8052 2.8518 0.0485 -0.3171
123.0690 3.1934 1.8066 2.8233 0.0389 -0.2540
123.1690 3.1902 1.8077 2.8010 0.0292 -0.1911
123.2690 3.1879 1.8085 2.7852 0.0192 -0.1259
123.3690 3.1866 1.8090 2.7758 0.0096 -0.0631
123.4690 3.1859 1.8092 2.7742 0.0045 0.0041
123.5690 3.1852 1.8095 2.7761 0.0081 0.0144
123.6710 3.1845 1.8098 2.7775 0.0080 0.0152
123.7690 3.1838 1.8100 2.7796 0.0060 0.0288
123.8700 3.1833 1.8103 2.7837 0.0067 0.0572
123.9700 3.1822 1.8106 2.7930 0.0142 0.1065
124.0690 3.1802 1.8114 2.8052 0.0287 0.1096
124.1700 3.1764 1.8127 2.8152 0.0512 0.0614
124.2700 3.1703 1.8147 2.8182 0.0698 0.0088
124.3710 3.1624 1.8174 2.8192 0.0900 0.0075
124.4690 3.1529 1.8205 2.8197 0.1050 0.0037
124.5700 3.1423 1.8241 2.8182 0.1147 -0.0367
124.6700 3.1308 1.8279 2.8120 0.1297 -0.0397
124.7690 3.1173 1.8326 2.8101 0.1501 -0.0078
124.8700 3.1022 1.8378 2.8095 0.1652 -0.0031
124.9690 3.0859 1.8434 2.8112 0.1759 0.0317
125.0710 3.0682 1.8494 2.8136 0.1950 0.0082
125.1690 3.0489 1.8560 2.8137 0.2088 -0.0069
125.2700 3.0286 1.8629 2.8100 0.2243 -0.0102
125.3690 3.0063 1.8706 2.8093 0.2455 -0.0051
125.4700 2.9826 1.8788 2.8099 0.2551 0.0050
125.5700 2.9580 1.8872 2.8106 0.2599 0.0033
125.6700 2.9335 1.8957 2.8101 0.2597 -0.0075
125.7710 2.9089 1.9041 2.8094 0.2603 -0.0043
125.8690 2.8843 1.9126 2.8096 0.2599 0.0070
125.9700 2.8597 1.9211 2.8103 0.2599 0.0031
126.0690 2.8352 1.9295 2.8098 0.2597 -0.0074
126.1700 2.8106 1.9380 2.8091 0.2603 -0.0042
126.2700 2.7861 1.9465 2.8093 0.2598 0.0072
126.3700 2.7615 1.9549 2.8100 0.2599 0.0030
126.4700 2.7370 1.9634 2.8094 0.2597 -0.0074
126.5700 2.7124 1.9719 2.8088 0.2603 -0.0041
126.6690 2.6878 1.9804 2.8090 0.2598 0.0073
126.7700 2.6632 1.9888 2.8097 0.2599 0.0028
126.8700 2.6387 1.9973 2.8091 0.2597 -0.0075
126.9690 2.6142 2.0058 2.8084 0.2603 -0.0040
127.0700 2.5896 2.0143 2.8087 0.2598 0.0075
127.1700 2.5650 2.0228 2.8094 0.2599 0.0027
127.2700 2.5405 2.0312 2.8088 0.2597 -0.0074
127.3690 2.5159 2.0397 2.8081 0.2603 -0.0038
127.4700 2.4914 2.0482 2.8084 0.2598 0.0076
127.5690 2.4668 2.0567 2.8091 0.2599 0.0025
127.6700 2.4423 2.0652 2.8085 0.2597 -0.0074
127.7690 2.4177 2.0737 2.8078 0.2603 -0.0037
127.8690 2.3932 2.0822 2.8081 0.2598 0.0078
127.9690 2.3686 2.0907 2.8088 0.2599 0.0024
128.0700 2.3441 2.0992 2.8082 0.2598 -0.0075
128.1700 2.3195 2.1078 2.8026 0.2604 -0.0531
128.2700 2.2950 2.1165 2.7935 0.2600 -0.0904
128.3700 2.2706 2.1255 2.7842 0.2608 -0.0965
128.4700 2.2463 2.1347 2.7735 0.2603 -0.1102
128.5690 2.2220 2.1442 2.7629 0.2603 -0.1010
128.6690 2.1981 2.1540 2.7453 0.2616 -0.2431
128.7690 2.1740 2.1644 2.7160 0.2630 -0.2966
128.8700 2.1502 2.1757 2.6810 0.2627 -0.3596
128.9690 2.1269 2.1879 2.6412 0.2622 -0.3982
129.0700 2.1042 2.2010 2.5966 0.2634 -0.4492
129.1690 2.0819 2.2152 2.5467 0.2651 -0.5013
129.2690 2.0604 2.2306 2.4971 0.2637 -0.4884
129.3700 2.0396 2.2470 2.4480 0.2641 -0.4955
129.4690 2.0198 2.2643 2.3973 0.2642 -0.5056
129.5700 2.0009 2.2826 2.3470 0.2624 -0.4915
129.6690 1.9829 2.3019 2.2975 0.2638 -0.4959
129.7700 1.9658 2.3220 2.2478 0.2652 -0.4991
129.8690 1.9497 2.3431 2.1981 0.2642 -0.4907
129.9700 1.9348 2.3648 2.1489 0.2630 -0.5013
130.0700 1.9209 2.3872 2.0986 0.2640 -0.5049
130.1700 1.9082 2.4104 2.0483 0.2638 -0.4980
130.2690 1.8967 2.4340 1.9991 0.2637 -0.4929
130.3700 1.8863 2.4584 1.9496 0.2651 -0.4966
130.4700 1.8771 2.4832 1.8998 0.2649 -0.4976
130.5700 1.8692 2.5083 1.8505 0.2631 -0.4970
130.6690 1.8627 2.5327 1.8135 0.2219 -0.2353
130.7710 1.8586 2.5500 1.7930 0.1331 -0.1732
130.8690 1.8567 2.5586 1.7789 0.0444 -0.1093
130.9690 1.8565 2.5597 1.7745 -0.0009 -0.0009
131.0690 1.8565 2.5596 1.7744 -0.0009 -0.0009
131.1700 1.8565 2.5595 1.7743 -0.0009 -0.0010
131.2690 1.8566 2.5594 1.7742 -0.0009 -0.0010
131.3700 1.8566 2.5593 1.7741 -0.0009 -0.0010
131.4690 1.8566 2.5592 1.7693 -0.0008 -0.0497
131.5700 1.8566 2.5592 1.7594 -0.0003 -0.0999
131.6690 1.8566 2.5592 1.7494 -0.0003 -0.1003
131.7700 1.8566 2.5592 1.7394 -0.0002 -0.1006
131.8690 1.8566 2.5591 1.7293 -0.0002 -0.1009
131.9700 1.8566 2.5592 1.7096 0.0013 -0.2509
132.0690 1.8566 2.5594 1.6796 0.0019 -0.3013
132.1700 1.8566 2.5593 1.6611 0.0043 0.0356
132.2690 1.8566 2.5593 1.6609 -0.0006 -0.0032
132.3700 1.8566 2.5592 1.6606 -0.0006 -0.0032
132.4690 1.8566 2.5592 1.6603 -0.0006 -0.0032
132.5690 1.8566 2.5591 1.6600 -0.0006 -0.0032
132.6700 1.8566 2.5591 1.6597 -0.0006 -0.0032
132.7690 1.8566 2.5595 1.6594 0.0044 -0.0034
132.8690 1.8565 2.5604 1.6590 0.0094 -0.0034
132.9700 1.8564 2.5613 1.6587 0.0095 -0.0034
133.0690 1.8563 2.5623 1.6583 0.0095 -0.0035
133.1700 1.8562 2.5632 1.6580 0.0096 -0.0035
133.2690 1.8561 2.5651 1.6576 0.0247 -0.0035
133.3700 1.8558 2.5686 1.6573 0.0398 -0.0036
133.4690 1.8553 2.5735 1.6569 0.0551 -0.0037
133.5700 1.8548 2.5800 1.6566 0.0704 -0.0038
133.6690 1.8541 2.5883 1.6563 0.0858 -0.0032
133.7690 1.8532 2.5978 1.6562 0.1009 -0.0007
133.8710 1.8523 2.6088 1.6575 0.1171 0.0282
133.9690 1.8512 2.6208 1.6635 0.1233 0.0532
134.0700 1.8500 2.6341 1.6664 0.1431 -0.0039
134.1700 1.8486 2.6471 1.6827 0.1354 0.1651
134.2690 1.8468 2.6631 1.6887 0.1745 -0.0020
134.3700 1.8448 2.6783 1.7087 0.1611 0.2193
134.4690 1.8421 2.6972 1.7179 0.2113 -0.0008
134.5700 1.8389 2.7188 1.7184 0.2258 -0.0002
134.6700 1.8355 2.7415 1.7201 0.2384 -0.0004
134.7690 1.8318 2.7661 1.7200 0.2546 -0.0007
134.8710 1.8279 2.7918 1.7199 0.2610 -0.0011
134.9690 1.8240 2.8176 1.7200 0.2606 0.0028
135.0700 1.8202 2.8433 1.7206 0.2588 0.0011
135.1690 1.8163 2.8689 1.7205 0.2596 -0.0007
135.2700 1.8124 2.8946 1.7204 0.2610 -0.0012
135.3690 1.8085 2.9204 1.7205 0.2606 0.0027
135.4690 1.8047 2.9461 1.7210 0.2588 0.0011
135.5700 1.8008 2.9717 1.7210 0.2596 -0.0007
135.6690 1.7969 2.9974 1.7209 0.2610 -0.0012
135.7700 1.7930 3.0232 1.7210 0.2606 0.0028
135.8690 1.7891 3.0489 1.7215 0.2588 0.0011
135.9710 1.7852 3.0745 1.7215 0.2596 -0.0007
136.0690 1.7813 3.1002 1.7214 0.2610 -0.0012
136.1700 1.7774 3.1260 1.7215 0.2605 0.0029
136.2690 1.7735 3.1517 1.7220 0.2588 0.0011
136.3690 1.7696 3.1773 1.7220 0.2597 -0.0007
136.4690 1.7657 3.2030 1.7219 0.2610 -0.0012
136.5700 1.7617 3.2288 1.7220 0.2605 0.0031
136.6690 1.7578 3.2545 1.7225 0.2588 0.0010
136.7690 1.7539 3.2801 1.7225 0.2597 -0.0007
136.8690 1.7500 3.3058 1.7224 0.2610 -0.0011
136.9700 1.7460 3.3316 1.7225 0.2605 0.0032
137.0690 1.7421 3.3572 1.7230 0.2588 0.0010
137.1690 1.7382 3.3829 1.7230 0.2597 -0.0007
137.2700 1.7342 3.4086 1.7229 0.2610 -0.0011
137.3690 1.7303 3.4344 1.7230 0.2605 0.0033
137.4700 1.7263 3.4600 1.7235 0.2587 0.0010
137.5700 1.7224 3.4856 1.7235 0.2597 -0.0007
137.6690 1.7184 3.5114 1.7234 0.2611 -0.0011
137.7690 1.7145 3.5372 1.7235 0.2604 0.0035
137.8700 1.7105 3.5628 1.7240 0.2587 0.0009
137.9700 1.7065 3.5884 1.7240 0.2597 -0.0007
138.0690 1.7026 3.6141 1.7239 0.2611 -0.0011
138.1700 1.6986 3.6399 1.7240 0.2604 0.0038
138.2690 1.6946 3.6655 1.7245 0.2587 0.0009
138.3700 1.6907 3.6912 1.7245 0.2597 -0.0007
138.4690 1.6867 3.7169 1.7244 0.2611 -0.0010
138.5690 1.6827 3.7427 1.7245 0.2604 0.0040
138.6700 1.6787 3.7683 1.7250 0.2587 0.0009
138.7690 1.6747 3.7939 1.7249 0.2598 -0.0007
138.8700 1.6707 3.8196 1.7249 0.2611 -0.0010
138.9690 1.6667 3.8454 1.7249 0.2603 0.0042
139.0700 1.6627 3.8710 1.7255 0.2587 0.0008
139.1700 1.6587 3.8966 1.7254 0.2598 -0.0007
139.2730 1.6547 3.9224 1.7253 0.2611 -0.0010
139.3700 1.6507 3.9482 1.7254 0.2603 0.0044
139.4700 1.6467 3.9738 1.7259 0.2587 0.0007
139.5700 1.6427 3.9994 1.7259 0.2598 -0.0007
139.6700 1.6387 4.0251 1.7258 0.2611 -0.0009
139.7690 1.6347 4.0509 1.7259 0.2603 0.0046
139.8700 1.6306 4.0765 1.7264 0.2587 0.0007
139.9690 1.6267 4.1021 1.7216 0.2600 -0.0502
140.0700 1.6229 4.1280 1.7117 0.2617 -0.1001
140.1690 1.6193 4.1539 1.7020 0.2601 -0.0878
140.2690 1.6161 4.1796 1.6927 0.2592 -0.1012
140.3700 1.6130 4.2054 1.6826 0.2605 -0.1017
140.4690 1.6102 4.2314 1.6724 0.2616 -0.1011
140.5700 1.6077 4.2573 1.6630 0.2597 -0.0863
140.6700 1.6054 4.2833 1.6538 0.2592 -0.1031
140.7700 1.6034 4.3092 1.6435 0.2605 -0.1037
140.8690 1.6017 4.3352 1.6332 0.2614 -0.1016
140.9700 1.6002 4.3612 1.6239 0.2604 -0.0887
141.0690 1.5989 4.3872 1.6148 0.2604 -0.0969
141.1700 1.5979 4.4132 1.6044 0.2606 -0.1056
141.2700 1.5971 4.4393 1.5940 0.2609 -0.1004
141.3700 1.5966 4.4653 1.5892 0.2600 -0.0400
141.4690 1.5961 4.4913 1.5897 0.2600 0.0019
141.5690 1.5956 4.5173 1.5893 0.2599 -0.0073
141.6700 1.5952 4.5433 1.5888 0.2602 -0.0010
141.7690 1.5947 4.5693 1.5895 0.2599 0.0092
141.8690 1.5942 4.5953 1.5901 0.2599 0.0011
141.9690 1.5937 4.6212 1.5897 0.2599 -0.0073
142.0710 1.5932 4.6473 1.5892 0.2602 -0.0008
142.1700 1.5927 4.6732 1.5899 0.2599 0.0091
142.2700 1.5922 4.6992 1.5905 0.2599 0.0009
142.3690 1.5917 4.7252 1.5901 0.2600 -0.0073
142.4690 1.5912 4.7512 1.5896 0.2602 -0.0006
142.5690 1.5907 4.7771 1.5903 0.2599 0.0091
142.6690 1.5902 4.8031 1.5909 0.2599 0.0007
142.7710 1.5897 4.8291 1.5905 0.2600 -0.0073
142.8690 1.5892 4.8551 1.5900 0.2602 -0.0005
142.9710 1.5887 4.8811 1.5908 0.2599 0.0091
143.0690 1.5881 4.9071 1.5913 0.2599 0.0005
143.1700 1.5876 4.9330 1.5908 0.2600 -0.0073
143.2690 1.5871 4.9590 1.5904 0.2602 -0.0003
143.3690 1.5866 4.9850 1.5912 0.2599 0.0091
143.4690 1.5860 5.0110 1.5917 0.2598 0.0003
143.5700 1.5855 5.0370 1.5912 0.2600 -0.0073
143.6700 1.5850 5.0630 1.5908 0.2602 -0.0001
143.7700 1.5844 5.0889 1.5916 0.2599 0.0091
143.8700 1.5839 5.1149 1.5921 0.2598 0.0001
143.9690 1.5833 5.1409 1.5916 0.2600 -0.0073
144.0700 1.5828 5.1669 1.5912 0.2602 0.0001
144.1690 1.5823 5.1928 1.5920 0.2599 0.0091
144.2700 1.5817 5.2158 1.5979 0.2021 0.1275
144.3700 1.5811 5.2334 1.6199 0.1497 0.3119
144.4690 1.5803 5.2457 1.6604 0.0974 0.4947
144.5700 1.5794 5.2533 1.7126 0.0627 0.4698
144.6690 1.5786 5.2583 1.7512 0.0404 0.3040
144.7700 1.5781 5.2612 1.7732 0.0181 0.1382
144.8690 1.5779 5.2619 1.7791 -0.0003 0.0065
144.9690 1.5779 5.2619 1.7798 -0.0002 0.0069
145.0700 1.5779 5.2619 1.7805 -0.0002 0.0069
145.1690 1.5779 5.2618 1.7811 -0.0002 0.0069
145.2700 1.5779 5.2618 1.7818 -0.0002 0.0069
145.3700 1.5779 5.2618 1.7825 -0.0002 0.0068
145.4690 1.5779 5.2618 1.7831 -0.0002 0.0068
145.5690 1.5779 5.2617 1.7838 -0.0002 0.0067
145.6690 1.5780 5.2617 1.7845 -0.0002 0.0067
145.7700 1.5780 5.2617 1.7851 -0.0002 0.0067
145.8690 1.5780 5.2617 1.7858 -0.0003 0.0068
145.9700 1.5780 5.2616 1.7864 -0.0003 0.0068
146.0700 1.5780 5.2616 1.7871 -0.0003 0.0068
146.1710 1.5780 5.2616 1.7878 -0.0003 0.0067
146.2700 1.5780 5.2616 1.7884 -0.0003 0.0067
146.3690 1.5780 5.2615 1.7891 -0.0003 0.0067
146.4690 1.5780 5.2615 1.7898 -0.0003 0.0067
146.5700 1.5780 5.2615 1.7904 -0.0003 0.0067
146.6740 1.5780 5.2615 1.7911 -0.0003 0.0067
146.7700 1.5780 5.2614 1.7917 -0.0003 0.0066
146.8700 1.5780 5.2614 1.7924 -0.0003 0.0066
146.9690 1.5780 5.2614 1.7930 -0.0003 0.0066
147.0690 1.5780 5.2614 1.7937 -0.0003 0.0066
147.1690 1.5780 5.2613 1.7943 -0.0003 0.0066
147.2700 1.5780 5.2613 1.7950 -0.0003 0.0065
147.3700 1.5780 5.2613 1.7956 -0.0003 0.0065
147.4700 1.5781 5.2613 1.7962 -0.0003 0.0065
147.5700 1.5781 5.2612 1.7969 -0.0003 0.0065
147.6710 1.5781 5.2612 1.7975 -0.0003 0.0065
147.7700 1.5781 5.2612 1.7981 -0.0003 0.0064
147.8690 1.5781 5.2611 1.7988 -0.0003 0.0064
147.9700 1.5781 5.2611 1.7994 -0.0003 0.0064
148.0700 1.5781 5.2611 1.8000 -0.0003 0.0064
148.1700 1.5781 5.2611 1.8007 -0.0003 0.0063
148.2700 1.5781 5.2610 1.8013 -0.0003 0.0063
148.3710 1.5781 5.2610 1.8019 -0.0003 0.0063
148.4690 1.5781 5.2610 1.8025 -0.0003 0.0063
148.5700 1.5781 5.2610 1.8031 -0.0003 0.0062
148.6690 1.5781 5.2609 1.8037 -0.0003 0.0062
148.7700 1.5781 5.2609 1.8043 -0.0003 0.0062
148.8690 1.5781 5.2609 1.8050 -0.0003 0.0061
148.9690 1.5781 5.2609 1.8056 -0.0003 0.0061
149.0700 1.5781 5.2608 1.8062 -0.0003 0.0061
149.1690 1.5781 5.2608 1.8067 -0.0003 0.0061
149.2700 1.5782 5.2608 1.8073 -0.0003 0.0060
149.3690 1.5782 5.2608 1.8079 -0.0003 0.0060
149.4710 1.5782 5.2607 1.8085 -0.0003 0.0060
149.5690 1.5782 5.2607 1.8091 -0.0003 0.0060
149.6700 1.5782 5.2607 1.8097 -0.0003 0.0059
149.7700 1.5782 5.2607 1.8103 -0.0003 0.0059
149.8700 1.5782 5.2606 1.8109 -0.0003 0.0059
149.9700 1.5782 5.2606 1.8114 -0.0003 0.0059
150.0690 1.5782 5.2606 1.8120 -0.0003 0.0058
150.1700 1.5782 5.2606 1.8126 -0.0003 0.0058
150.2690 1.5782 5.2605 1.8131 -0.0003 0.0058
150.3700 1.5782 5.2605 1.8137 -0.0003 0.0058
150.4690 1.5782 5.2605 1.8143 -0.0003 0.0058
150.5700 1.5782 5.2605 1.8148 -0.0003 0.0057
150.6690 1.5782 5.2604 1.8154 -0.0003 0.0057
150.7690 1.5782 5.2604 1.8160 -0.0003 0.0057
150.8700 1.5782 5.2604 1.8165 -0.0003 0.0057
150.9690 1.5782 5.2604 1.8171 -0.0003 0.0056
151.0700 1.5782 5.2603 1.8176 -0.0003 0.0056
151.1690 1.5783 5.2603 1.8182 -0.0002 0.0056
151.2700 1.5783 5.2603 1.8187 -0.0002 0.0056
151.3700 1.5783 5.2603 1.8193 -0.0002 0.0055
151.4700 1.5783 5.2602 1.8198 -0.0002 0.0055
151.5700 1.5783 5.2602 1.8203 -0.0002 0.0055
151.6690 1.5783 5.2602 1.8209 -0.0002 0.0054
151.7700 1.5783 5.2602 1.8214 -0.0002 0.0054
151.8690 1.5783 5.2601 1.8219 -0.0002 0.0054
151.9700 1.5783 5.2601 1.8225 -0.0002 0.0054
152.0690 1.5783 5.2601 1.8230 -0.0002 0.0053
152.1700 1.5783 5.2601 1.8235 -0.0002 0.0053
152.2700 1.5783 5.2600 1.8240 -0.0002 0.0053
152.3700 1.5783 5.2600 1.8245 -0.0002 0.0053
152.4690 1.5783 5.2600 1.8251 -0.0002 0.0052
152.5700 1.5783 5.2600 1.8256 -0.0002 0.0052
152.6690 1.5783 5.2600 1.8261 -0.0002 0.0052
152.7690 1.5783 5.2599 1.8266 -0.0002 0.0052
152.8700 1.5783 5.2599 1.8271 -0.0002 0.0051
152.9690 1.5783 5.2599 1.8276 -0.0002 0.0051
153.0700 1.5784 5.2599 1.8281 -0.0002 0.0051
153.1690 1.5784 5.2598 1.8286 -0.0002 0.0050
153.2690 1.5784 5.2598 1.8291 -0.0002 0.0050
153.3690 1.5784 5.2598 1.8296 -0.0002 0.0050
153.4700 1.5784 5.2598 1.8301 -0.0002 0.0050
153.5700 1.5784 5.2597 1.8305 -0.0002 0.0049
153.6700 1.5784 5.2597 1.8310 -0.0002 0.0049
153.7700 1.5784 5.2597 1.8315 -0.0002 0.0049
153.8700 1.5784 5.2597 1.8320 -0.0002 0.0049
153.9700 1.5784 5.2597 1.8325 -0.0002 0.0048
154.0690 1.5784 5.2596 1.8329 -0.0002 0.0048
154.1700 1.5784 5.2596 1.8334 -0.0002 0.0048
154.2690 1.5784 5.2596 1.8339 -0.0002 0.0047
154.3700 1.5784 5.2596 1.8343 -0.0002 0.0047
154.4700 1.5784 5.2596 1.8348 -0.0002 0.0047
154.5700 1.5784 5.2595 1.8352 -0.0002 0.0047
154.6690 1.5784 5.2595 1.8357 -0.0002 0.0046
154.7690 1.5784 5.2595 1.8362 -0.0002 0.0046
154.8700 1.5784 5.2595 1.8366 -0.0002 0.0046
154.9690 1.5784 5.2594 1.8371 -0.0002 0.0046
155.0700 1.5785 5.2594 1.8375 -0.0002 0.0045
155.1690 1.5785 5.2594 1.8379 -0.0002 0.0045
155.2700 1.5785 5.2594 1.8384 -0.0002 0.0045
155.3700 1.5785 5.2594 1.8388 -0.0002 0.0044
155.4700 1.5785 5.2593 1.8392 -0.0002 0.0044
155.5690 1.5785 5.2593 1.8397 -0.0002 0.0044
155.6690 1.5785 5.2593 1.8401 -0.0002 0.0044
155.7700 1.5785 5.2593 1.8405 -0.0002 0.0043
155.8690 1.5785 5.2593 1.8410 -0.0002 0.0043
155.9700 1.5785 5.2592 1.8414 -0.0002 0.0043
156.0700 1.5785 5.2592 1.8418 -0.0002 0.0043
156.1700 1.5785 5.2592 1.8422 -0.0002 0.0042
156.2700 1.5785 5.2592 1.8426 -0.0002 0.0042
156.3700 1.5785 5.2592 1.8430 -0.0002 0.0042
156.4690 1.5785 5.2592 1.8434 -0.0002 0.0042
156.5700 1.5785 5.2591 1.8439 -0.0002 0.0041
156.6690 1.5785 5.2591 1.8443 -0.0002 0.0041
156.7710 1.5785 5.2591 1.8447 -0.0002 0.0041
156.8690 1.5785 5.2591 1.8451 -0.0002 0.0041
156.9700 1.5785 5.2591 1.8455 -0.0002 0.0040
157.0690 1.5785 5.2590 1.8458 -0.0002 0.0040
157.1690 1.5786 5.2590 1.8462 -0.0002 0.0040
157.2690 1.5786 5.2590 1.8466 -0.0002 0.0040
157.3690 1.5786 5.2590 1.8470 -0.0002 0.0039
157.4700 1.5786 5.2590 1.8474 -0.0002 0.0039
157.5690 1.5786 5.2590 1.8478 -0.0002 0.0039
157.6700 1.5786 5.2589 1.8482 -0.0002 0.0039
157.7690 1.5786 5.2589 1.8485 -0.0002 0.0038
157.8700 1.5786 5.2589 1.8489 -0.0002 0.0038
157.9690 1.5786 5.2589 1.8493 -0.0002 0.0038
158.0710 1.5786 5.2589 1.8496 -0.0002 0.0038
158.1700 1.5786 5.2589 1.8500 -0.0002 0.0037
158.2700 1.5786 5.2588 1.8504 -0.0002 0.0037
158.3700 1.5786 5.2588 1.8507 -0.0002 0.0037
158.4700 1.5786 5.2588 1.8511 -0.0002 0.0036
158.5690 1.5786 5.2588 1.8514 -0.0002 0.0036
158.6690 1.5786 5.2588 1.8518 -0.0002 0.0036
158.7690 1.5786 5.2588 1.8522 -0.0002 0.0036
158.8690 1.5786 5.2587 1.8525 -0.0002 0.0035
158.9700 1.5786 5.2587 1.8528 -0.0002 0.0035
159.0690 1.5786 5.2587 1.8532 -0.0002 0.0035
159.1700 1.5786 5.2587 1.8535 -0.0002 0.0035
159.2700 1.5786 5.2587 1.8539 -0.0002 0.0034
159.3690 1.5786 5.2587 1.8542 -0.0002 0.0034
159.4690 1.5786 5.2587 1.8545 -0.0002 0.0034
159.5690 1.5787 5.2586 1.8549 -0.0002 0.0034
159.6690 1.5787 5.2586 1.8552 -0.0002 0.0033
159.7700 1.5787 5.2586 1.8555 -0.0001 0.0033
159.8700 1.5787 5.2586 1.8558 -0.0001 0.0033
159.9700 1.5787 5.2586 1.8562 -0.0001 0.0033
160.0700 1.5787 5.2586 1.8565 -0.0001 0.0033
160.1690 1.5787 5.2586 1.8568 -0.0001 0.0032
160.2690 1.5787 5.2585 1.8571 -0.0001 0.0032
160.3700 1.5787 5.2585 1.8574 -0.0001 0.0032
160.4690 1.5787 5.2585 1.8577 -0.0001 0.0032
160.5700 1.5787 5.2585 1.8580 -0.0001 0.0031
160.6690 1.5787 5.2585 1.8584 -0.0001 0.0031
160.7690 1.5787 5.2585 1.8587 -0.0001 0.0031
160.8700 1.5787 5.2585 1.8590 -0.0001 0.0031
160.9690 1.5787 5.2584 1.8593 -0.0001 0.0030
161.0690 1.5787 5.2584 1.8595 -0.0001 0.0030
161.1700 1.5787 5.2584 1.8598 -0.0001 0.0030
161.2700 1.5787 5.2584 1.8601 -0.0001 0.0030
161.3700 1.5787 5.2584 1.8604 -0.0001 0.0029
161.4700 1.5787 5.2584 1.8607 -0.0001 0.0029
161.5700 1.5787 5.2584 1.8610 -0.0001 0.0029
161.6690 1.5787 5.2584 1.8613 -0.0001 0.0029
161.7700 1.5787 5.2583 1.8616 -0.0001 0.0029
161.8700 1.5787 5.2583 1.8618 -0.0001 0.0028
161.9700 1.5787 5.2583 1.8621 -0.0001 0.0028
162.0690 1.5787 5.2583 1.8624 -0.0001 0.0028
162.1700 1.5787 5.2583 1.8627 -0.0001 0.0028
162.2690 1.5787 5.2583 1.8629 -0.0001 0.0027
162.3700 1.5787 5.2583 1.8632 -0.0001 0.0027
162.4700 1.5787 5.2583 1.8635 -0.0001 0.0027
162.5690 1.5787 5.2582 1.8637 -0.0001 0.0027
162.6690 1.5788 5.2582 1.8640 -0.0001 0.0027
162.7700 1.5788 5.2582 1.8642 -0.0001 0.0026
162.8690 1.5788 5.2582 1.8645 -0.0001 0.0026
162.9700 1.5788 5.2582 1.8647 -0.0001 0.0026
163.0690 1.5788 5.2582 1.8650 -0.0001 0.0026
163.1700 1.5788 5.2582 1.8653 -0.0001 0.0026
163.2690 1.5788 5.2582 1.8655 -0.0001 0.0025
163.3690 1.5788 5.2582 1.8657 -0.0001 0.0025
163.4700 1.5788 5.2581 1.8660 -0.0001 0.0025
163.5690 1.5788 5.2581 1.8662 -0.0001 0.0025
163.6700 1.5788 5.2581 1.8665 -0.0001 0.0025
163.7690 1.5788 5.2581 1.8667 -0.0001 0.0024
163.8710 1.5788 5.2581 1.8669 -0.0001 0.0024
163.9700 1.5788 5.2581 1.8672 -0.0001 0.0024
164.0690 1.5788 5.2581 1.8674 -0.0001 0.0024
164.1700 1.5788 5.2581 1.8676 -0.0001 0.0024
164.2690 1.5788 5.2581 1.8679 -0.0001 0.0023
164.3700 1.5788 5.2580 1.8681 -0.0001 0.0023
164.4700 1.5788 5.2580 1.8683 -0.0001 0.0023
164.5690 1.5788 5.2580 1.8686 -0.0001 0.0023
164.6690 1.5788 5.2580 1.8688 -0.0001 0.0023
164.7690 1.5788 5.2580 1.8690 -0.0001 0.0022
164.8690 1.5788 5.2580 1.8692 -0.0001 0.0022
164.9700 1.5788 5.2580 1.8694 -0.0001 0.0022
165.0700 1.5788 5.2580 1.8696 -0.0001 0.0022
165.1690 1.5788 5.2580 1.8699 -0.0001 0.0022
165.2700 1.5788 5.2580 1.8701 -0.0001 0.0022
165.3700 1.5788 5.2579 1.8703 -0.0001 0.0021
165.4690 1.5788 5.2579 1.8705 -0.0001 0.0021
165.5700 1.5788 5.2579 1.8707 -0.0001 0.0021
165.6690 1.5788 5.2579 1.8709 -0.0001 0.0021
165.7690 1.5788 5.2579 1.8711 -0.0001 0.0021
165.8700 1.5788 5.2579 1.8713 -0.0001 0.0021
165.9690 1.5788 5.2579 1.8715 -0.0001 0.0020
166.0700 1.5788 5.2579 1.8717 -0.0001 0.0020
166.1690 1.5788 5.2579 1.8719 -0.0001 0.0020
166.2700 1.5788 5.2579 1.8721 -0.0001 0.0020
166.3690 1.5788 5.2579 1.8723 -0.0001 0.0020
166.4690 1.5788 5.2578 1.8725 -0.0001 0.0020
166.5690 1.5788 5.2578 1.8727 -0.0001 0.0019
166.6690 1.5788 5.2578 1.8728 -0.0001 0.0019
166.7700 1.5788 5.2578 1.8730 -0.0001 0.0019
166.8700 1.5788 5.2578 1.8732 -0.0001 0.0019
166.9700 1.5788 5.2578 1.8734 -0.0001 0.0019
167.0700 1.5788 5.2578 1.8736 -0.0001 0.0019
167.1690 1.5788 5.2578 1.8738 -0.0001 0.0018
167.2690 1.5789 5.2578 1.8739 -0.0001 0.0018
167.3690 1.5789 5.2578 1.8741 -0.0001 0.0018
167.4700 1.5789 5.2578 1.8743 -0.0001 0.0018
167.5690 1.5789 5.2578 1.8745 -0.0001 0.0018
167.6700 1.5789 5.2578 1.8746 -0.0001 0.0018
167.7700 1.5789 5.2577 1.8748 -0.0001 0.0018
167.8690 1.5789 5.2577 1.8750 -0.0001 0.0017
167.9700 1.5789 5.2577 1.8751 -0.0001 0.0017
168.0690 1.5789 5.2577 1.8753 -0.0001 0.0017
168.1700 1.5789 5.2577 1.8755 -0.0001 0.0017
168.2690 1.5789 5.2577 1.8756 -0.0001 0.0017
168.3690 1.5789 5.2577 1.8758 -0.0001 0.0017
168.4700 1.5789 5.2577 1.8760 -0.0001 0.0017
168.5690 1.5789 5.2577 1.8761 -0.0001 0.0016
168.6690 1.5789 5.2577 1.8763 -0.0001 0.0016
168.7700 1.5789 5.2577 1.8764 -0.0001 0.0016
168.8690 1.5789 5.2577 1.8766 -0.0001 0.0016
168.9700 1.5789 5.2577 1.8767 -0.0001 0.0015
169.0690 1.5789 5.2577 1.8769 -0.0001 0.0015
169.1700 1.5789 5.2576 1.8770 -0.0001 0.0015
169.2700 1.5789 5.2576 1.8772 -0.0001 0.0015
169.3690 1.5789 5.2576 1.8773 -0.0001 0.0015
169.4690 1.5789 5.2576 1.8775 -0.0001 0.0015
